Id,chicken,elephant,fox,german_shepherd,golden_retriever,horse,jaguar,lion,owl,parrot,swan,tiger
1,0.000548293135535088,0.000510351936561624,0.015359919874774650,0.011156472644707023,0.001368893702884405,0.000290171245152557,0.001213055392016754,0.034178520117050519,0.043998403226812810,0.032072918284625475,0.005160432831867494,0.854142567608012215
2,0.060481116976344347,0.605750260686151232,0.035387796507008823,0.130065080698752888,0.049447127120523592,0.063846762792494488,0.000797848510283238,0.005335687107449734,0.005277065381737030,0.030172212246301556,0.012661993403881367,0.000777048569071223
3,0.045581492057704190,0.226434884059738023,0.008228554996840548,0.040337066633655820,0.025232679932684469,0.627617287634176679,0.000163106976728557,0.001685018322146653,0.001499922531534533,0.020426760288147234,0.002610847283566102,0.000182379283077468
4,0.373649256073523783,0.373467546504423598,0.030258282781384184,0.108067683519628463,0.047986673160081726,0.040390880128478426,0.003049313138585673,0.013937784154279148,0.004528378855836066,0.003293831095952753,0.000918615832224290,0.000451754755601375
5,0.466445271223426938,0.063387379915118072,0.054556886274805934,0.228276432514883332,0.019100984543360452,0.015315717767853627,0.001577280708724594,0.019063153122582204,0.067540738129816466,0.043112136707892622,0.006275099194711220,0.015348919896824839
6,0.148958282955321791,0.095802999799646335,0.098269922613092281,0.187761791875877826,0.038464026987894487,0.108727624613219873,0.010755006943507922,0.148117011640799018,0.048598437515326005,0.090284708788579943,0.006812016340662043,0.017448169926072305
7,0.263786179850601155,0.346287352990343356,0.017968307796547792,0.106771807667618332,0.022199591829659981,0.151330869679835528,0.001014796110110357,0.009463857117841803,0.033379127113378974,0.041003136664031582,0.006124814780333367,0.000670158399697802
8,0.000707467606353950,0.000554691726819663,0.048153016186674211,0.079781555915442143,0.003716954238647868,0.000538640884354195,0.001474716860895722,0.125264273813812693,0.112222706673836992,0.126093472906004922,0.135824613562142094,0.365667889625015119
9,0.101078844159446471,0.271344471404565135,0.015439254143794778,0.097743943683865173,0.014163033748075879,0.470719018146510682,0.000428975267431800,0.005628555175460570,0.002674872618374562,0.016870394024551014,0.003372470944139470,0.000536166683784563
10,0.005327134721850044,0.008471964901650442,0.098991274565150930,0.101373421418190390,0.008337872722727910,0.002057980109633199,0.015274036726466234,0.318135656048539051,0.190121886715808874,0.136316443550328431,0.035750759282478867,0.079841569237175794
11,0.062490128640753012,0.254212740977093843,0.029423018632395912,0.218562507203009126,0.017671573968367660,0.266394988979134273,0.001179398523237853,0.029145014046085414,0.023424024545098773,0.074825726459606987,0.018794900613936887,0.003875977411280412
12,0.009628810012204394,0.004994679339053015,0.098763964040912242,0.087993958226853783,0.022632317218254473,0.002321979639500244,0.002373251798578850,0.258658938704818098,0.392131886485124426,0.043089917138299259,0.023241403865721547,0.054168893530679788
13,0.025483765436499294,0.033688095039936500,0.019262935598811929,0.217520499439453591,0.015960150351694000,0.023668698520925985,0.080165711946238005,0.087415698478788981,0.259010364614840671,0.180250937456393201,0.030490678683287024,0.027082464433130705
14,0.004541318300403809,0.009599276181561240,0.082502059022476190,0.059574713362037353,0.023095237133264994,0.006760163337878374,0.007726552426770775,0.069461187100472319,0.118977375298581475,0.429111111395469258,0.053346687905993000,0.135304318535090756
15,0.014375200681091178,0.008399863086438164,0.111037432562572785,0.051738436018081937,0.009965745385516101,0.005094215757258870,0.091060493930222253,0.496312539352663618,0.034977569508721523,0.039718561538918555,0.006139150766694221,0.131180791411820208
16,0.111274226382517702,0.184946478276100473,0.141759655119637756,0.037379862767096518,0.014435972572966149,0.027622257842270823,0.001654670511780178,0.065345841088334911,0.121764496206340195,0.233686319482866334,0.033066438160127776,0.027063781589961120
17,0.015251704986259888,0.050728050383392044,0.282697389022357359,0.122776820929094949,0.029676149643136304,0.012392711427197932,0.002732366293496626,0.141382410476111720,0.041008997401252328,0.142532486072298986,0.051965293073648465,0.106855620291753467
18,0.018404299846746790,0.069207210790758353,0.087767967655795254,0.188330253186989094,0.045343653429817096,0.047270439490573260,0.009344351541129793,0.142115954589002502,0.054893909459223206,0.140632745856702351,0.164199406434919315,0.032489807718342679
19,0.322280698734478510,0.154780121554987160,0.012953360803317434,0.233619474859498077,0.066356885959268197,0.191375831626545367,0.000569391267405033,0.001114595912307114,0.004599493485085010,0.006110989344987835,0.005862901880926468,0.000376254571193520
20,0.407121818262150492,0.077189433039044270,0.027293134312100190,0.146949019609021125,0.028381728487704521,0.199289571636180690,0.008465679887543752,0.007163440069791915,0.039058074657829268,0.033468281020501416,0.016195029476061794,0.009424789542070567
21,0.135445926930316263,0.062146602338921310,0.051035881578064539,0.340851445899233552,0.073884940794812601,0.030760032200234870,0.016830647467498350,0.100558229103162589,0.034430773297363916,0.086548392535531510,0.018953931769076952,0.048553196085783082
22,0.017705932158732771,0.040372216945582420,0.064039336668241492,0.087516886540164318,0.004922516720207533,0.010223771515309246,0.014347207070963900,0.331724872000368876,0.163645361277672180,0.192144271993529819,0.038263794129963384,0.035093832979264876
23,0.063963549433959641,0.144409445007791820,0.179915982302774002,0.167786536017938331,0.043120797266014657,0.044925516871594219,0.003743056985171922,0.076090835971673806,0.051137306278490162,0.110311727841998622,0.110911220151624704,0.003684025870968850
24,0.062277348130007792,0.156905177203022106,0.018591712377615175,0.469201736774431832,0.024638564352706182,0.239751842595440828,0.000969347149530028,0.005380877158881990,0.005862410084529095,0.012300972068327712,0.002434407362666450,0.001685604742841536
25,0.006709985003857853,0.005479729945519960,0.071220338342535577,0.032702103843339853,0.004252344144705873,0.009135409347297646,0.003397326237705451,0.114435219080910228,0.204661084347273453,0.403596099203861969,0.028186267290754720,0.116224093212236909
26,0.052574723535132463,0.357696047556005481,0.005526442038840244,0.029358671158169928,0.006396510365280542,0.545605034638623310,0.000317647803279702,0.001315875634265056,0.000239029135421566,0.000688507495687980,0.000208834741568028,0.000072675897725344
27,0.128648914117849789,0.266690396003923913,0.021693533798935939,0.054812455180350335,0.012389910117479553,0.487710918445377395,0.007369575239403144,0.003960917071651259,0.004882490267300037,0.008150499946755818,0.001071467070715780,0.002618922740256785
28,0.765988941228258002,0.041841285645775259,0.012458831650844155,0.079970423600279575,0.043363868686975643,0.028086993992737796,0.002008365072216291,0.009220939675712730,0.012647967578707127,0.002629927291764692,0.000854056550140334,0.000928399026588251
29,0.091477448185395452,0.254263051428354092,0.033127477016764433,0.200090034265726024,0.027937323502973205,0.063067403276490019,0.001605758945568379,0.023626914569510861,0.039653139717785980,0.210317286857716834,0.047498408773814484,0.007335753459900075
30,0.020269956788652725,0.048677526532842470,0.070228389981471212,0.055272607644103126,0.027593516958789623,0.013120976496760478,0.001211548649179260,0.014584586667015384,0.087107116001716237,0.183521614013792994,0.476107307277299885,0.002304852988376531
31,0.154067187506075065,0.043268703043259880,0.058083615059591663,0.279727128258618285,0.036437274932996817,0.034019372906752290,0.006427482039114123,0.168653366833581675,0.039897750448772550,0.126742252785356613,0.007885425774450340,0.044790440411431064
32,0.289525380985719116,0.216065463023239812,0.003157219750974893,0.037758502545581191,0.011522124415260411,0.420589067697342001,0.010612955204793582,0.002650338694189295,0.003396881917128698,0.003345976333590780,0.000629012898836754,0.000747076533343846
33,0.021780757178903758,0.027817070956661256,0.028159748896843344,0.195761066166673214,0.021227108357780775,0.011985617724785369,0.001363405468431067,0.015650479256744728,0.078131590494431344,0.302202751158310579,0.290393657448134890,0.005526746892299814
34,0.073806547311157711,0.154471591058703478,0.030683774413720374,0.131044121750519993,0.041946716285247009,0.413929500622345181,0.001608811943721517,0.004199804211823211,0.032679879358518051,0.102961266731688275,0.010690192536709407,0.001977793775845858
35,0.021768125887188124,0.008698227291011572,0.044397822654365850,0.244767511704795465,0.010101986211350101,0.011197581032666286,0.002531608398445530,0.046035684698339602,0.459723948258577431,0.098475345737175007,0.025365439572102771,0.026936718553982258
36,0.791316885994316821,0.049135859593133220,0.006690721165024719,0.053677382800226235,0.012370699642876596,0.069919928913677973,0.001718676664180540,0.002456257867315982,0.006360287559437891,0.003974838319862535,0.000265748239315661,0.002112713240632076
37,0.015755255030618618,0.014155274602506197,0.025691744145817177,0.081173532102101209,0.004690496648147216,0.007035735450431384,0.000396736423110163,0.007802798730251525,0.082621620741896426,0.534903406569277151,0.210825861821937105,0.014947537733905811
38,0.018246964105041976,0.008714312345176717,0.081732061029806638,0.034904157066211784,0.005542408627879148,0.004189044316115780,0.006747426240921261,0.066256661298271041,0.081776923767956158,0.045306117928601737,0.004934336756184029,0.641649586517834214
39,0.092748616282374380,0.518345316761507191,0.000742186247817105,0.034373014927813035,0.004936844846357731,0.341743867806603929,0.000137957689183375,0.000341697598476972,0.000832527209985051,0.005313406230258473,0.000385051824212346,0.000099512575410380
40,0.622908569560944314,0.108802916495478311,0.031578469613784736,0.074037779966847309,0.018345352836223294,0.055459087420998449,0.002773495306809270,0.011898904348633008,0.006122452065881435,0.037377572893420093,0.021129368395759969,0.009566031095219254
41,0.003555531233291984,0.003146659381236051,0.427177425898389584,0.104188010047859866,0.011858931174162660,0.001085721321154314,0.003035752796829025,0.335268859763939664,0.020959655648838511,0.026629346988841660,0.025080634385162594,0.038013471360294322
42,0.002223429351135332,0.002234018713954128,0.053347100179523814,0.128506269059879302,0.008254528078881405,0.001939568302136266,0.002941496331607275,0.101410781006317507,0.086900989819113955,0.278980557216387370,0.184728906399842158,0.148532355541221073
43,0.171848890098725726,0.258609908002686295,0.010264826502509171,0.053641747533474435,0.010655677141557400,0.462007906984566119,0.000936027099297155,0.006323174723301567,0.007370376030210990,0.014502561970275730,0.001648049090953829,0.002190854822441855
44,0.018107402011266302,0.032762894897164843,0.073599356717859998,0.365022936126051079,0.020767844835208937,0.017881332979302382,0.035388345880175129,0.155128381619013683,0.171381297915206787,0.035812027354260610,0.005899969509990456,0.068248210154499916
45,0.221201934871434025,0.054206572546950410,0.078896029626451591,0.132289610440015110,0.019378927504386429,0.039739290491375173,0.055282919163515104,0.285146103330136458,0.022399304791047601,0.029317279219837882,0.004748523214444264,0.057393504800406080
46,0.014587656265077046,0.003542284283051310,0.225954886107438496,0.182640563148810386,0.015447069739802482,0.002047409045256402,0.004500172085771924,0.197638989724050446,0.210424769703320885,0.046832447543095894,0.008490279147075673,0.087893473207249329
47,0.009774497646642257,0.004175202069434552,0.132221327806774869,0.092480973331817651,0.003649651982705552,0.000917166583202342,0.004022141295136088,0.588488147708758569,0.064815676254634025,0.022944549988699173,0.023482035639464188,0.053028629692730533
48,0.002285815667510276,0.002067410623904457,0.370353700095512106,0.134061927552091648,0.009950858072886976,0.001369189156960488,0.005144470742542821,0.274168855205202899,0.020234635987165347,0.039073022480397110,0.043943183896319148,0.097346930519506436
49,0.027556608859345376,0.007781287033259022,0.026264344498228672,0.034215287302331393,0.006018966493085403,0.002375781192053028,0.831939773859408760,0.013087460813424835,0.016301989363538258,0.014003038835050871,0.002183534481425178,0.018271927268849467
50,0.002861533611595035,0.002812629907393922,0.013084903705368762,0.015110856262368013,0.001078412696325848,0.001476142509884753,0.002144846221194887,0.025588421635578638,0.008399739165204086,0.010971545556911436,0.001337755921247026,0.915133212806927943
51,0.276058133136407535,0.039900394746333938,0.023981431072713333,0.119588018675641158,0.022782437875026835,0.049640532901969785,0.132337163960150411,0.070190531714979965,0.140033682831485345,0.050671026752303019,0.010214398583941317,0.064602247749047215
52,0.101280749599475903,0.260656104535868127,0.006686615410077113,0.041293935321056928,0.018693822932087552,0.383137793796999804,0.000523725809623645,0.003137104103658288,0.008911476978704804,0.090688348048287307,0.083586145064172057,0.001404178399988093
53,0.280223970902230723,0.131041426824491491,0.019223576149858979,0.203021291836287560,0.020830071342047948,0.224448084290560318,0.000942720324086089,0.010262317266917551,0.013750210876261545,0.059095909197774452,0.027702499242417543,0.009457921747065766
54,0.056671429165707415,0.159209731101037422,0.025844574424109111,0.410407148917687759,0.030331115483199510,0.250562924707864121,0.001581507999531408,0.008562733601146011,0.003876023843684562,0.029849338230651796,0.020064625314508366,0.003038847210872158
55,0.112514384879397078,0.511676026232806946,0.034896444944696216,0.109427219057927128,0.018389772765399576,0.064962978114586192,0.003127917690749047,0.052623467824780772,0.018728281958352039,0.062829857061154959,0.003946731389910818,0.006876918080239842
56,0.057159757467176484,0.166182306063432816,0.003243081543750610,0.262633501659744473,0.065525157341510265,0.423910464652830388,0.001217790061353326,0.001370984139076252,0.006221007818720880,0.009416042483373308,0.002501002947679951,0.000618903821351144
57,0.097443642988821591,0.119319012777719516,0.015908121449027677,0.217596579426493714,0.011365314899670820,0.414576984719830455,0.000801661006333931,0.018195951259047251,0.016900363886775835,0.063011973026831050,0.007116518572076007,0.017763875987372512
58,0.004399651190840547,0.004712462868087241,0.077737710926780862,0.057530214776157287,0.008649811176946604,0.003777548894439297,0.019506352734765971,0.168757109988118881,0.346598844677405260,0.099002011789082467,0.048107179102636309,0.161221101874739564
59,0.020641137353327454,0.004044847868170685,0.065369278345388845,0.078090828925238026,0.006473053580636784,0.005379221262945373,0.096984837930172735,0.053672195759950435,0.050582265903100720,0.028969708210553464,0.010643107836842887,0.579149517023673122
60,0.111083592880716675,0.022800049382834822,0.023351643155842334,0.023328178100433819,0.013651970926195757,0.011536430476869048,0.000849860591115259,0.009278776740224984,0.077708934512957198,0.299076421879649168,0.018185901643960355,0.389148239709200483
61,0.001860017790776382,0.003252289570822588,0.095796085656134455,0.179543565039588904,0.005139210361214714,0.002234295641552090,0.017030350910239963,0.304400395067076557,0.261415440669566457,0.073994427923598061,0.027791684219547023,0.027542237149882663
62,0.073754802744467496,0.044113389581948187,0.140422208281213157,0.323003069053275915,0.036153726059720649,0.023118901274598602,0.001179232529549542,0.180107799350167019,0.073079553141754253,0.064304701415672669,0.019331009354526172,0.021431607213106489
63,0.009429276334293253,0.013087007941716060,0.048455723120120184,0.119886545241227341,0.009727473378705949,0.009106347531579460,0.033070028531445195,0.245197988586764420,0.085198043155895381,0.022934780886449475,0.009654560335151101,0.394252224956652630
64,0.412366864875127637,0.101540884237923831,0.053816039318683999,0.161218298834620355,0.036317738816035471,0.050956982086174017,0.007011802683467542,0.028837059783787856,0.029107325625487023,0.075363182241758836,0.040065246393208333,0.003398575103725160
65,0.009095947253902982,0.039513554568098928,0.058914100515635032,0.098394022451396876,0.005811917979786681,0.011161209486278061,0.000673258430605610,0.014093970225881847,0.025694804326189556,0.075996108359346545,0.658396703382917781,0.002254403019959817
66,0.014955737849753055,0.094121391741058616,0.016062623724251372,0.053695477455684343,0.013068990974964107,0.107141647156632616,0.001273656571005380,0.004141393070161749,0.042858665472177579,0.360029964822723758,0.290660647530915861,0.001989803630671167
67,0.001043323131642299,0.001271277511192089,0.188129438363422691,0.072880021338119147,0.006427367868382433,0.000822115191565035,0.001748189025559405,0.198844747798601840,0.131436055772138433,0.277756121475106921,0.065214302275176841,0.054427040249093311
68,0.003639818380687094,0.002115358151186814,0.207847708182989616,0.107162631386566107,0.011656242411503067,0.001034795392623212,0.002439148881936488,0.395420723447387268,0.045003972791495941,0.037965820224345553,0.103589153452282617,0.082124627296995822
69,0.312591911429635938,0.062075870321106397,0.038951007976256516,0.150067395562394235,0.014914481935734285,0.028347332705467840,0.000844051768297343,0.026998642177807917,0.116455717347479643,0.192381635729032135,0.049803056779615398,0.006568896267171736
70,0.401167200261653367,0.375143651868656558,0.009545743654982316,0.025934563563460557,0.014791421239260315,0.123441322731913911,0.001281371857557037,0.001321640641368008,0.008233400416962681,0.032587094078629981,0.002605202899111799,0.003947386786443683
71,0.041105308175871803,0.044016455537409661,0.052189441685027205,0.105466429763102262,0.019792624468042731,0.070390619129677159,0.002744147438579938,0.016613867223913177,0.171725031153317081,0.253555960838892980,0.021092781293699105,0.201307333292466556
72,0.002746531723848705,0.003861631531915219,0.266443539072756419,0.039310755794579468,0.013037623921073233,0.001410875632990162,0.001790809778814133,0.083628802392020432,0.044314357316943921,0.184428416145058699,0.123745723208700850,0.235280933481298027
73,0.008653597835119693,0.016408873768169002,0.127668179703495421,0.118586110313490908,0.069554811197965138,0.025269442318827422,0.001813226137048109,0.053663219758509365,0.048062250088823651,0.224894934934190799,0.280596042329885498,0.024829311614474558
74,0.041067731930133786,0.081891010405056072,0.044277429914179302,0.167911268812272779,0.032371077976591278,0.084180175022722833,0.000730052345052554,0.056568766492806927,0.073589848670087693,0.210055925726387677,0.203795885915746849,0.003560826788962066
75,0.453695117039091378,0.193166172655062723,0.007936660274458432,0.161875974824667701,0.023776239941237020,0.132091925111449043,0.002428378183090342,0.005172719941634323,0.011516068444889055,0.006827247003884341,0.000892677630569810,0.000620818949965968
76,0.003269249930729918,0.002743318012015757,0.006172310706490210,0.013882223483378140,0.002547861176158540,0.000676426586575657,0.953736790104314336,0.001889523217624679,0.003019176997284959,0.007935027054253843,0.002253545127525050,0.001874547603649360
77,0.443653198722667452,0.097000536075081578,0.014474939417504848,0.118458823504877492,0.034755375298091487,0.237613151634247038,0.000301639074631878,0.003544078562979157,0.014876488080033197,0.028375434146554020,0.004570594776443958,0.002375740706887553
78,0.025220387214801420,0.009587658340566581,0.092167870348523431,0.052734379271666514,0.009599325969255855,0.006033963300881373,0.003706531682510697,0.049248945648161679,0.288038554175460260,0.283775642618107504,0.014760885394676515,0.165125856035388013
79,0.119596251718919383,0.135630821031874932,0.127414733952877446,0.183550229407900251,0.021251855575486426,0.044212012830339813,0.005441663162950970,0.111950900431755027,0.155566486081777533,0.057452986027979637,0.029412129674841081,0.008519930103297529
80,0.247374291121474327,0.053761063838437505,0.053557912904777454,0.318057687812209167,0.011957979137399370,0.018498339892932807,0.003019820039046558,0.104943830815843214,0.091769432457528555,0.078539818658106150,0.008348110207815056,0.010171713114429467
81,0.012668504133736868,0.010011691360473038,0.075876091873578785,0.067437356427487119,0.006871645095778389,0.008002916434506437,0.003226269458061606,0.171774381782105745,0.382473924196392145,0.123122662372464206,0.005854954951223208,0.132679601914192480
82,0.017355596539393250,0.013372736313293502,0.223609040178350565,0.171029318745413494,0.007713488696437207,0.004503784666269823,0.020272685663844565,0.494203115260953174,0.017609575597073591,0.007464934090234534,0.003900756600644319,0.018964967648092065
83,0.442251720736515697,0.112534458898555650,0.010898870341275508,0.068755187771923604,0.036822067383410387,0.302956234254813328,0.000751729770574341,0.001792700028848076,0.002644072370781137,0.017461666488760821,0.002613681564682145,0.000517610389859886
84,0.762213554610845057,0.046514741744012190,0.007722318404975519,0.080189668963231001,0.017697162299511536,0.034334748462353258,0.025483858491122831,0.005245725910263529,0.012935161321834344,0.004367574005210748,0.000425432617369500,0.002870053169270325
85,0.034762710042828653,0.195181913872724017,0.005313871246739101,0.105105909811185311,0.024649384099846121,0.551964204307352824,0.001763237328515004,0.004638165084445139,0.027347400327950726,0.041200703818932802,0.005226798516706717,0.002845701542773593
86,0.134909993633639008,0.142810195973946147,0.045389988267982621,0.241120981726947015,0.018022378997317599,0.199339895965983643,0.002468270778974237,0.043060652340307898,0.027994342842084047,0.117471490086624497,0.024547784441699749,0.002864024944493275
87,0.087591128089423487,0.288259610442397007,0.006441387017012223,0.253290029297424502,0.015230320286713350,0.329702020468154500,0.000685115445017758,0.003615306368734221,0.004628358576350910,0.007709012013552876,0.002118895085116426,0.000728816910102607
88,0.002973077856676801,0.002554161870621359,0.047911888984036380,0.025006129069400737,0.002324333882466411,0.002034382722657187,0.329802633033425552,0.069343396327698856,0.296578487690753900,0.048278030752634774,0.005593410246399406,0.167600067563228983
89,0.521328915766646861,0.134283675094746896,0.035962650850714345,0.057138462339913043,0.024812481056647979,0.078916620030650475,0.043928667133743993,0.027732794260911565,0.047578259302415563,0.020774083717150713,0.002161039250272362,0.005382351196185716
90,0.003590724087135314,0.009316721460149740,0.063945138487840752,0.071849326363311747,0.036682603967861993,0.012301982917853317,0.001474737513835547,0.020457547625014661,0.058228970432922071,0.387739386791509599,0.276765436133016351,0.057647424219549111
91,0.007447454861402089,0.002589962265070070,0.004021704842473335,0.018218611598593403,0.003707277994107347,0.001616458612708189,0.943424359876694707,0.005005102518115808,0.002227448586126858,0.003478698173087497,0.000864146958629904,0.007398773712989994
92,0.385085731327350245,0.194842373960889631,0.046175706481517670,0.075960963315924973,0.016671961668591105,0.244762312131493548,0.000434900997861846,0.004380404406024349,0.005166264723387967,0.019104299253501718,0.006982607190041706,0.000432474543415288
93,0.065066343253327219,0.023653410146885632,0.042794813990448183,0.139216132683544519,0.044407885303539327,0.027810491152837326,0.010119069885929284,0.130797926069373738,0.406277286969771168,0.069905167391665080,0.007995171037204917,0.031956302115473699
94,0.149149932761705489,0.021735680298342420,0.077100539349181388,0.250974573995529970,0.046998097517073463,0.020580785035274860,0.105240079178285512,0.205825740294024728,0.078625559957596722,0.014171073288029589,0.005260693481768482,0.024337244843187531
95,0.004804550514856584,0.002051977290231785,0.286376157051096591,0.220755960840694876,0.014221326478705406,0.000936614491014052,0.004052387096323086,0.159654476275310292,0.059613763885366308,0.038215479898223256,0.062767652785006789,0.146549653393171248
96,0.047301900045906259,0.075859319972604991,0.023132760643375098,0.148286805635060220,0.036861859125963396,0.208280734251395705,0.001452774077764652,0.008194925255455223,0.045529499650628510,0.358351976793716942,0.036436862215173615,0.010310582332955251
97,0.067323219483528068,0.145194973244622771,0.063564619410545586,0.194593081238088883,0.086538443478429899,0.069462888987358334,0.064797990727020721,0.189769091741881474,0.067916497712316184,0.018164539206319958,0.012439483486029532,0.020235171283857926
98,0.365344241431157568,0.513812946207506172,0.007451517533767622,0.043674040843474017,0.007532574434546834,0.039296960250039863,0.000947777984319979,0.012001490290208434,0.004988753012786695,0.004513473846916139,0.000327585958530050,0.000108638206746422
99,0.290652847020674232,0.118368716159892112,0.025223620026620399,0.324839994963163237,0.011793894035234741,0.184237952789538667,0.001512930100708856,0.004872306802674384,0.012773966902866609,0.020062862632052807,0.002850771985794431,0.002810136580779543
100,0.000497505070361866,0.000690865235147472,0.033177164423343494,0.021408611098750505,0.004007016585691338,0.000334492913834670,0.003419315481680677,0.062377839361839653,0.073052529969639748,0.074254716105621038,0.032561292849812892,0.694218650904276369
101,0.001748993932774835,0.004718037686473784,0.093540968326830856,0.047277090869867387,0.003824456059836054,0.001505434572106733,0.002769200022517663,0.465671347440345773,0.054860276451836408,0.042429782448405243,0.082436965378787044,0.199217446810217941
102,0.900327092638538162,0.015294232942769487,0.003087192987159563,0.030029298235309306,0.008817870022587181,0.039608751757049407,0.000671374580180604,0.000640287615069505,0.000219493104166097,0.000961479464399951,0.000243969231693563,0.000098957421077774
103,0.027198917614487183,0.027466463742222925,0.152407313580922021,0.164558520116523027,0.019386241863263529,0.015217250359260612,0.044744231429346637,0.204625527978745114,0.062336883885669270,0.065337757270097510,0.010706358321550058,0.206014533837912267
104,0.075109443499792650,0.160505593400092544,0.033151099159603688,0.040718797827589838,0.021225128679883545,0.056630490215822400,0.001316234107382944,0.003712670303121747,0.029187757455547487,0.504992616052320487,0.046917996933671741,0.026532172365170949
105,0.027827403469556634,0.004041158041738081,0.060684945441128853,0.164401168807527781,0.013399326129309726,0.004303231115744756,0.031774839295829298,0.570800144120136688,0.030022603994481919,0.010432119929979193,0.003111493910593277,0.079201565743973038
106,0.004653435026418016,0.005389902718465146,0.139679525019045653,0.098487229328757891,0.013644840509091276,0.002117321460125698,0.007009174090095830,0.163485263774237999,0.232605894548222863,0.063804718770321442,0.037732961609104991,0.231389733146113052
107,0.021016939805512110,0.008664686560768759,0.082968781234354722,0.076964581797824547,0.011591208138982885,0.008568169509788304,0.014117215621276599,0.288334848167968505,0.041292212555182763,0.035650156144163621,0.017467650869701090,0.393363549594476225
108,0.171856873796014054,0.231893451207336565,0.012004774473103339,0.043240164573306719,0.026419685638674889,0.272941521364096829,0.001333312506357272,0.013787055853472717,0.052534552559381727,0.144961553472623544,0.018860702449833049,0.010166352105800152
109,0.024618075516696765,0.046623928270607809,0.069579223602220713,0.091592334267326839,0.029390291856630411,0.026665180541674393,0.001075776900506406,0.065706040611650876,0.078420298371310482,0.433929734282714641,0.110648490709968975,0.021750625068691694
110,0.003251837277742419,0.009779351669054878,0.376493637130141001,0.105384521735632328,0.022351692240562309,0.001192881762146448,0.000848528430593527,0.116468931703610612,0.047436881279964357,0.152544917450439327,0.146755185728761145,0.017491633591351897
111,0.073583581771055881,0.034015934154790831,0.060061529368604864,0.120573443384286980,0.029334407029301297,0.070453689211363107,0.001928835845052840,0.027530788900879101,0.077228955639944502,0.388185372864806644,0.113766097878335762,0.003337363951578104
112,0.037373615188253342,0.027334385339572883,0.151537174235804456,0.054453046809557440,0.055063431138960603,0.018121143932116023,0.019275747949426117,0.051017769384777992,0.099833313606866467,0.111726328849460557,0.037956935493289753,0.336307108071914329
113,0.001973648086685808,0.004403173916161868,0.313209665739672016,0.064640118193479257,0.002378856335889865,0.000818075096849917,0.012806490697914655,0.516337248023582052,0.012029867486399460,0.030341182259731748,0.010736926208416033,0.030324747955217796
114,0.042468673592444918,0.290110943048687731,0.049670569996805976,0.084768140101122366,0.042177737566159404,0.248359726642252782,0.001324603213557705,0.005542166964006693,0.020082930505646579,0.106645688229403082,0.107483289836157889,0.001365530303754861
115,0.003770205448713797,0.003630188286256409,0.257158516651313063,0.220045339916448202,0.010450525708223158,0.001506440656399261,0.002952439328406131,0.225040478251331333,0.080119700537467364,0.054810918095992520,0.085328139257650537,0.055187107861798257
116,0.001454593061121648,0.002328676500497372,0.206749339626406542,0.054402228952644030,0.003941305660651873,0.000933616695154184,0.003197399887177190,0.244980648198508288,0.320086764522549971,0.063158080691275917,0.059655648927828098,0.039111697276184298
117,0.425238512055570728,0.190778772891303766,0.008758908925696191,0.169711310464814441,0.013439453266548161,0.172726189031395944,0.004134752799110445,0.007275878795709877,0.002272911818637636,0.004590669825995325,0.000290053396292264,0.000782586728925197
118,0.050287568839843470,0.076570568921486060,0.050117056701672491,0.313552523396007143,0.054106984194168047,0.051081531296740069,0.027284740531076313,0.240002517743923088,0.075289178399464751,0.042604845377617058,0.004391766996748534,0.014710717601253299
119,0.040623319755432083,0.006986213426310089,0.083103629395915202,0.095603514691330674,0.008046833146974653,0.005637064572918091,0.330089959123447185,0.297501807764181114,0.018595065976807448,0.013780048703263768,0.007325558155998963,0.092706985287420218
120,0.595025974436354077,0.098552933578892193,0.039787625220573809,0.100804131741905709,0.011378370378043744,0.078631738409311563,0.005966312681935217,0.010921443633633707,0.041616254352449977,0.013194828587398809,0.000677525294852257,0.003442861684648901
121,0.029139948967390302,0.067109614245218246,0.113259863576249176,0.086402268693068079,0.017777545067195154,0.035005300522592882,0.001832060450673001,0.371989136428560685,0.039773391089792220,0.142210778106944574,0.063127669972099371,0.032372422880216613
122,0.035630619911113132,0.197555076747411629,0.003972835896227779,0.023807680378106589,0.012431010270091315,0.688482583212569499,0.000716197730635371,0.000554061294072887,0.005840032309995241,0.028098649985681779,0.002393371079714989,0.000517881184379843
123,0.110863685724674130,0.016832131876411346,0.094141775933642341,0.303619850856286899,0.021420355277719409,0.012218320008743058,0.016530932415432215,0.333836491298842075,0.014332759988556347,0.016190431410543327,0.041376509716010298,0.018636755493138740
124,0.066523012100500031,0.090396557971689481,0.016071134293805172,0.081706953183972877,0.044281825189213031,0.158546628776071397,0.001069929520071295,0.005031903877943960,0.032657980510834232,0.435075543141885235,0.067007376999536128,0.001631154434477662
125,0.007399240932689414,0.010711267964076390,0.039791818367259299,0.099753319214147027,0.009699471327871597,0.005799885606179461,0.001926801574838315,0.305970945339379130,0.276766421775953009,0.163627142061224085,0.036901275882618011,0.041652409953764347
126,0.027187240980298202,0.052951322278144093,0.059414317989844832,0.056674130817607964,0.016620056376869276,0.144684889687982238,0.003068823375485948,0.007167857072618898,0.060816298495314398,0.503286618518571593,0.049412344667844957,0.018716099739417819
127,0.538611088208915345,0.218078980714898119,0.015946765388791619,0.049872606048873898,0.004801316214585647,0.162796621127297064,0.000582168122134758,0.004982019953458161,0.001650805003444966,0.002184542151002163,0.000216715277296751,0.000276371789301525
128,0.017102253807076126,0.018895832356709844,0.050076938889749546,0.068609772786926634,0.015819168538201429,0.015082766740712218,0.008261208176944966,0.292353522431232804,0.136805412990069319,0.247875400694631098,0.033616877724772808,0.095500844862973611
129,0.021934650078355555,0.138826873600005479,0.012543316197232033,0.088557641626748798,0.014344200937264661,0.268415910778727451,0.000794131034436558,0.010815569540984428,0.029700743518442048,0.256333216706745637,0.156103162039977872,0.001630583941080072
130,0.101572246071905958,0.186766707696695039,0.097018402155098105,0.132101132948236943,0.087655811058175367,0.088506383962306465,0.022400582469405583,0.015283394720704585,0.103729970999862017,0.119055152228013342,0.005354449241042474,0.040555766448554069
131,0.016503790729290209,0.004160113546201569,0.057344079481602944,0.083735085397502823,0.004181951907615602,0.004705038710030724,0.001942529605633282,0.509893873461053859,0.084195665629143573,0.092890893184766316,0.025015694637809994,0.115431283709349020
132,0.382787699843790907,0.122711120658095668,0.008588642541738202,0.215706109317069850,0.006790031745298934,0.250342809663274213,0.000272521355185259,0.000990372302426116,0.001663573720757995,0.008053139752191374,0.001526140070347194,0.000567839029824257
133,0.002512211464726973,0.004998319570845048,0.070499470274009088,0.044401828147694215,0.003853359636636427,0.000783666658168630,0.005552176265323305,0.829922581051964592,0.011043181525890476,0.008584200094745554,0.008846307015520803,0.009002698294474245
134,0.051803290502532129,0.046192590985120269,0.035234465453257244,0.164930404170269940,0.023236107006489398,0.015513290956411447,0.533761563845350340,0.019008861381678708,0.019763528890213340,0.069871636014208260,0.009936503509762933,0.010747757284705209
135,0.036111824161562042,0.181689970864352929,0.040051859899061182,0.099969390214275297,0.041842108217820161,0.277759113196769436,0.004872023142365916,0.079124718856044454,0.066072239268564550,0.140875001676781242,0.010107229086604323,0.021524521415797956
136,0.000795366919257305,0.001623591610694019,0.094984443561715967,0.036567427355617167,0.010244751176273291,0.000797167046586839,0.001460351975691387,0.054969268366219230,0.175961753332462362,0.313962767761361394,0.136024541198762478,0.172608569695359010
137,0.048533204890531187,0.073444082599262106,0.117450495245690983,0.202151778389212666,0.144511714495868304,0.069725611395239792,0.002850163229133474,0.014495218816602437,0.031619100403578411,0.139675278408476988,0.147207185785531852,0.008336166340871549
138,0.044509748547629735,0.021998718627254266,0.171900538981795359,0.090157294653978842,0.022458485366374698,0.018856416033551135,0.006234513847278114,0.443690815790449167,0.022548346278329450,0.061177606149344713,0.030461133909998116,0.066006381814016232
139,0.801557875722258451,0.086063924405512110,0.007260141349402703,0.040547328638827831,0.011634304227969725,0.045219098151443544,0.002322213913381174,0.001454501867135017,0.002635531531978600,0.000977962265827899,0.000101608185908727,0.000225509740353695
140,0.009856573488806747,0.036309572746918213,0.054456786788756963,0.266403198484425563,0.078795344970248454,0.016016876177804062,0.002765030100402494,0.004461759737192290,0.375072429592248680,0.106692175011037366,0.038193824260138176,0.010976428642020548
141,0.100883666721046927,0.129107763864147157,0.013883736068526636,0.361093337806434656,0.047094565968822374,0.260429873722408611,0.002750404449507724,0.012763709599365954,0.021066855817556868,0.035941696453426646,0.009680898982676782,0.005303490546079081
142,0.010253273743937228,0.006803342091519801,0.087719369490450796,0.215388978733010772,0.011322543052854048,0.006765679001782418,0.015731897419589046,0.158921445430002445,0.232805288146284373,0.131651287490691132,0.024974648193485251,0.097662247206392674
143,0.001149626114930181,0.000684915515079659,0.014685393937614167,0.026879688605482316,0.003303672967435323,0.001152281564388433,0.001706109688004683,0.008622711626125705,0.496333175301565843,0.336349987096300707,0.035079852511959518,0.074052585071113300
144,0.030690165104049157,0.007772802134099737,0.061820457169227662,0.071988985099169248,0.007450539359887616,0.004540081266263817,0.004111182343246585,0.083054578574555116,0.351414454139277244,0.246028751318850547,0.063659717987258446,0.067468285504114323
145,0.003549788635325488,0.003024430079377939,0.169045341396394072,0.237397557619781652,0.013117162120792286,0.001658715565737830,0.001518729158569238,0.034232667687483773,0.105704015429280304,0.144396054121558870,0.218007351903637375,0.068348186282060741
146,0.013517968606612280,0.224569578062044695,0.047519488075328610,0.074195449996684495,0.021892654084712054,0.053785001859009543,0.000608077642026981,0.007854592180324492,0.030921634772485201,0.216354110578916986,0.307883566716613821,0.000897877425240493
147,0.000803770072744064,0.000268075862804198,0.013707163966494022,0.007683321421648241,0.001018673136899190,0.000137269021000447,0.006004545358607272,0.017678259782135931,0.023173704664153059,0.012639901580000982,0.003422428926155465,0.913462886207356939
148,0.042421213868550280,0.178229944364114268,0.025146888379148545,0.180324760409428658,0.075640212470393264,0.348138598800453503,0.001377255144532040,0.085282012072743038,0.029869888936841050,0.025913891498131628,0.002354068289193103,0.005301265766470594
149,0.314987188074389191,0.124188562704472608,0.045048855925800303,0.155427552287805942,0.017739041388402203,0.217200957727567395,0.062644680416940046,0.012417688938194740,0.012413643853624026,0.033513615644214401,0.001865355007313153,0.002552858031275679
150,0.076329598635778095,0.514033681395619224,0.016428605677120411,0.124941049615492933,0.017453311643370304,0.229637782315972316,0.003170498349961861,0.002263650170235231,0.004774046924855876,0.008810366427275045,0.001772081811506849,0.000385327032811486
151,0.595447107740690207,0.057216658922386997,0.014553583103152447,0.113246652396616090,0.036870421925081734,0.056033541210100547,0.001747043044580831,0.039279015803875647,0.028858877437989341,0.039323118420804264,0.008194360876803716,0.009229619117917526
152,0.002922428502373222,0.001704347271069991,0.088606134069581899,0.047972233196564386,0.004866254804491065,0.001476183801774787,0.015620976940377614,0.133890672037532382,0.474884197714938949,0.071029282850041398,0.006773926911839661,0.150253361899414600
153,0.346156282921499914,0.116872536342081501,0.019871118551002036,0.341095592909061385,0.082588661646202058,0.047899635046846599,0.012872795265192803,0.004465728356370395,0.012118696939473794,0.013541806895916421,0.001793895389076406,0.000723249737276811
154,0.136483751847877810,0.671343552352007267,0.010884419062028111,0.054827005321761345,0.009881945318949169,0.070816018351182203,0.004794728234537681,0.029593636443935884,0.002544506326142961,0.004947736338363424,0.001337285864757561,0.002545414538456728
155,0.702217469356673729,0.037420859423636814,0.029047044865514553,0.077879213992144508,0.044073442584104915,0.041901744365589674,0.005931074425389987,0.022764776963494222,0.028849364206514308,0.006484823217795389,0.000732847543513028,0.002697339055628783
