Id,chicken,elephant,fox,german_shepherd,golden_retriever,horse,jaguar,lion,owl,parrot,swan,tiger
1,0.004835583853423021,0.003159401011346691,0.030259312492845209,0.018019911979211836,0.003192390347113154,0.002525475592938981,0.006320160806990874,0.053913421450871218,0.107012144135896117,0.065443830810441223,0.015710373825955002,0.689607993692966659
2,0.172083894011202776,0.393800869766875061,0.027306958044939659,0.192682480131308509,0.044035540020234763,0.082012913834913062,0.001386834630935828,0.008786606190782382,0.009701500025814861,0.036058965543453704,0.031867509442039151,0.000275928357500314
3,0.065784401043837218,0.229831774761139807,0.019075797671950955,0.103116170363576565,0.026441648018282308,0.356995309898277102,0.001379014082837762,0.015932560216795490,0.028641279302146085,0.130140233609665312,0.018565596024358026,0.004096215007133548
4,0.395433881566079670,0.187021228477462026,0.036078897019876537,0.224892685169461259,0.023951624383803407,0.049594410697105816,0.009437994784666486,0.030181584626740022,0.023954428640792946,0.014024014804481713,0.002353276111524918,0.003075973718005291
5,0.333621008522939966,0.043014450972152278,0.041573983887980843,0.187089072458537925,0.011936296071270861,0.019045963559046059,0.006101770119490009,0.057891219996888753,0.178440783656386492,0.072770901520530146,0.012536592922647945,0.035977956312128731
6,0.182077441116851896,0.101302420348748937,0.068789405823408922,0.183025011633711376,0.023429190653344405,0.052504054375342418,0.028484434813878336,0.259775659359146482,0.051637843321222024,0.024515564234125098,0.006515235907000139,0.017943738413220028
7,0.213209621730313076,0.194815438997582163,0.021468899647778740,0.213604180449052494,0.025572716895171436,0.169009970185364677,0.002830055635462582,0.023211591612191898,0.054361507705361807,0.061980299605531697,0.015173686488554978,0.004762031047634429
8,0.002573519752025375,0.002746843098667897,0.098468219515600613,0.083796788461930033,0.004667793690180683,0.002143145531532743,0.003985236246103299,0.242620294715243823,0.142093576013497841,0.194691725358858092,0.049988195586195154,0.172224662030164372
9,0.084865928206609959,0.298420887822742953,0.018161007925587155,0.068666303792833824,0.025004583322784657,0.383930431456205368,0.001632156891228064,0.012826851119166933,0.010934414220288275,0.069840047556869816,0.024746729246485306,0.000970658439197930
10,0.060481270948112786,0.084236020704240674,0.075580372678564808,0.131148999115532044,0.025219277323374201,0.082983519297996730,0.010075224960949404,0.162070200797157310,0.101841326693114409,0.155090260103838917,0.024257321060649036,0.087016206316469766
11,0.074649985230299060,0.320308575338632384,0.025957361455708747,0.055722280243246311,0.016176169083092384,0.371989615167540477,0.002420202412870195,0.013812876623045513,0.018247034371969475,0.073339642721721762,0.023821311056395320,0.003554946295478389
12,0.037743142270061154,0.005053920277817737,0.116618016191431473,0.149790632355058295,0.007601743846979210,0.002722155750500929,0.007430077243895557,0.184871125487557797,0.159133115154916155,0.058664814889579871,0.048124804677624922,0.222246451854576893
13,0.078760426162844011,0.111766918257117431,0.051559630225881947,0.174105533759046111,0.013737839422419343,0.105695310454507113,0.023630902077575861,0.083822753590754542,0.179805106557014011,0.126226669899101335,0.022605087414717447,0.028283822179021048
14,0.005138253590134391,0.014126648965374402,0.171381479764784878,0.039285879867703190,0.009643193490761490,0.015893143990487357,0.005140853414437179,0.141701774659938134,0.098731753534862438,0.336042599290572230,0.078418456494787847,0.084495962936156480
15,0.026409663333795037,0.009775854642836221,0.126777533527289654,0.051493080100141829,0.008757871481348763,0.012576728229254762,0.020225743431277789,0.331004915250075360,0.077916619808992019,0.074257642323292919,0.014266592938868490,0.246537754932827202
16,0.054594539128527263,0.102251684705764803,0.067552281948800974,0.032308913408641123,0.017878237157873879,0.061727575710432463,0.004210259132247790,0.021493821052046232,0.085026020199852670,0.309888034496384634,0.074103933613352962,0.168964699446075201
17,0.025443744272920343,0.073673809402615253,0.070462834800565310,0.079059359554786435,0.021527758194674260,0.039966029743072257,0.002593012354203842,0.058323834253614863,0.075351569130968202,0.274410128225313299,0.171123598412975975,0.108064321654289849
18,0.019391890256458176,0.110253873906660763,0.061363619741688018,0.175987491522445805,0.025231516637104864,0.120295389216028198,0.005403510174946635,0.177719725069230949,0.061492226346423283,0.145230118161954663,0.064493455159380389,0.033137183807678237
19,0.140392318672114796,0.307535532047365834,0.015765051750617754,0.251853515995397514,0.036583965659815268,0.175698342895658194,0.001999024069904303,0.004332891578907466,0.013933565899188842,0.039033080399384391,0.012268477658083320,0.000604233373562162
20,0.266225730525295134,0.145750474755518861,0.017260136718847761,0.110110413210997349,0.013931744109166134,0.340537410207919500,0.016864214037201928,0.009394178346618921,0.026522852172087410,0.031796308801666319,0.008723588966427215,0.012882948148253333
21,0.213174357490203692,0.136962660124247515,0.046600289595868746,0.154135110604075837,0.034533842714257287,0.147626619916843838,0.013287908512215396,0.058725933224096874,0.051519226472174051,0.075247431469252030,0.020306273671639896,0.047880346205124796
22,0.026585467765033149,0.052597399016541632,0.072971737191716624,0.118519215601376612,0.016716508041237792,0.029464845716280302,0.011864477332331794,0.323210806035228615,0.125007113894786442,0.111172719095585210,0.056979647436709129,0.054910062873172578
23,0.051708962146274982,0.109988631881291640,0.041792332455705752,0.379396891048672191,0.027927947916352315,0.056625592502914303,0.002485913426552734,0.089698193726027914,0.033119670473796887,0.068235357898697710,0.137740548359726434,0.001279958163987123
24,0.056636984632000016,0.308393215258980669,0.026672457918754149,0.151928651081580990,0.023685136319121409,0.295309291110516681,0.002231259565478853,0.014274050495082418,0.024432278570963844,0.075983366147035020,0.019262681141145401,0.001190627759340487
25,0.066004436318961732,0.027136560932148356,0.052642623207877041,0.079001697255439332,0.016146987629892529,0.026415136160929265,0.006781823433833841,0.109083841527645595,0.169213437219774304,0.121655175032043414,0.033885647883172720,0.292032633398281838
26,0.127491828753350606,0.321724105242037650,0.012856001841136614,0.101004011256440859,0.014747901842351458,0.347418987860949269,0.009555416677960357,0.014887727837559874,0.019460960903361073,0.024846986317669847,0.003889536887377144,0.002116534579805142
27,0.263189514814901437,0.162135797126965270,0.024409668624363372,0.122822888740963199,0.018125548561080378,0.291335314038801363,0.033883857329618523,0.024950273914284237,0.023461100072000904,0.017276928081552151,0.002837084033403413,0.015572024662065727
28,0.618981565584792115,0.047072854008671297,0.037966722797065901,0.132261531465810794,0.012675296385873770,0.015837881126536481,0.021531188788731233,0.042655583656428776,0.047773947623237882,0.011305702787601662,0.001939862410886626,0.009997863364363580
29,0.095192697360119677,0.272246039407637419,0.029750437868340158,0.144037245211846382,0.023799080481207883,0.130617253341290207,0.004142220362068188,0.017844144116949890,0.046944313766528807,0.165643819907033890,0.064543156439466801,0.005239591737510766
30,0.045889532474943637,0.052288749975826831,0.028221162155044641,0.060952191992550170,0.034265776909136222,0.052836671661322686,0.000601163331415533,0.017201628077658886,0.011421101676973352,0.145295396030983071,0.550335552334366485,0.000691073379778551
31,0.144821344000235386,0.093063121612453698,0.041056086108569805,0.293554386681590340,0.036018296594415994,0.132241354902267294,0.008375557427303802,0.066739374210521937,0.034909707392970106,0.080473462599993689,0.033058043449553820,0.035689265020124261
32,0.376720498195363462,0.195225738990489672,0.014659730625388605,0.073158630259932911,0.009523439814568666,0.226727189192218043,0.048857860888756495,0.018518535877677343,0.017354619985571626,0.008415542481708574,0.001473532917376242,0.009364680770948364
33,0.058038991758222386,0.156858011128520464,0.037533454883988820,0.204778121684424302,0.026849345805156386,0.107923620488929006,0.002239289080541583,0.050605015444911756,0.063362739678770208,0.149112971777398573,0.139413048864827693,0.003285389404308730
34,0.107141841247417852,0.312007590057329254,0.029199090559169909,0.065425036550346732,0.044657292324615509,0.340264057473381121,0.001162136981426563,0.010893733294942009,0.008236539746613147,0.053630520267141282,0.026172028625166453,0.001210132872450196
35,0.086204972193194798,0.030257938524723148,0.028519588889189283,0.282478089553531209,0.006990709378416558,0.025229585743023822,0.012390940835144507,0.036568221881738118,0.357318251004633047,0.082507987200721625,0.006026607062417420,0.045507107733266404
36,0.522461418829838986,0.125057375777638674,0.019987166852491297,0.117751698626718984,0.019976912383116389,0.061662817662310299,0.013344062288059439,0.034874359809318294,0.042403977422878110,0.020666314810598260,0.003730651992603750,0.018083243544427335
37,0.043087055751781345,0.055693907603845676,0.030683132128572842,0.059139655404014904,0.009863922636383788,0.023423866619161841,0.000781701524845636,0.022441490157611141,0.081267289583198621,0.336011888946105397,0.331203357199485460,0.006402732444993404
38,0.038612170301919470,0.039945819557089660,0.068294417761858073,0.041866444183722415,0.010882064416098597,0.022592434558874577,0.027923983882229296,0.078810128214705941,0.125459136864624621,0.134702997710399092,0.019496038020064697,0.391414364528413439
39,0.132327978219687364,0.363927974472438853,0.009240679301721001,0.044919372678653473,0.018666477772344561,0.372759273555927528,0.000885207349936465,0.003377351510860442,0.006417862386645720,0.036744117132474635,0.010211996454692378,0.000521709164617679
40,0.279940624189338294,0.144589437874669435,0.032641367182756564,0.080330259883695368,0.028932288037922971,0.149336938737557129,0.021032535305859967,0.043864279821230229,0.023593013408746370,0.066085112979839072,0.108283489519359052,0.021370653059025656
41,0.006304693392732420,0.001783419314397891,0.249551130539365867,0.060385179208737906,0.004487020044345601,0.000847860730480923,0.002555832938441252,0.426072765242415608,0.088854686313381920,0.063921999827405429,0.046205773969638111,0.049029638478656955
42,0.003293531834283515,0.009781891666799764,0.085877240502486088,0.080398459455023275,0.010458702350346747,0.010397297966022453,0.004436531084132002,0.172753900137773864,0.105009081395113141,0.249577938357148282,0.078561529800276184,0.189453895450594517
43,0.326663504651014625,0.168864801441396484,0.031375571052130374,0.058973031951403118,0.022965414106148982,0.288397219846275421,0.008237818525190298,0.028802141149604197,0.019035388053953346,0.022493207247322174,0.005381707233811248,0.018810194741749674
44,0.079189789675804104,0.057096077681986372,0.068605863150765611,0.236230331595604554,0.011561780948629552,0.038159226581311712,0.109089674472549122,0.119743655998671400,0.130059768641456130,0.042671844434139621,0.005492395495831293,0.102099591323250624
45,0.294252305135557446,0.034782678906543817,0.089223736341150411,0.113330659023918978,0.016511657654069631,0.037175163627159412,0.073527261648296288,0.174019902516882596,0.035216500617863293,0.029586315860863421,0.005043190835742640,0.097330627831952149
46,0.117295992222023804,0.007423043513782363,0.110468178003406817,0.156224822446669520,0.007456870304339844,0.003780967023574027,0.010255891141679775,0.093143203530495919,0.276594940509558462,0.115834653458169526,0.013815186482256754,0.087706251364043128
47,0.035346942583006691,0.014868164833372357,0.135056275393981795,0.080711968330493836,0.006689251558828675,0.004942787852903658,0.013038280446626034,0.301934757772910511,0.106679050648584683,0.069508176953155559,0.040236728275479874,0.190987615350656309
48,0.006155031021420837,0.001106103543663927,0.226270623452256014,0.060345776336515493,0.004733640075662572,0.000568825225298907,0.003629016513344276,0.342497842338296832,0.067594579973188462,0.068949213155035105,0.081987542134684385,0.136161806230633259
49,0.060726396121542847,0.009684843062636563,0.053480173460985783,0.047291987430482164,0.004684218958780375,0.003691912664070690,0.602023635649581501,0.092677145549160955,0.055821206012159397,0.006224109593686328,0.001929393885438734,0.061764977611474703
50,0.016906463262889321,0.019737267802712816,0.046110941124559907,0.032161057693202932,0.007930682484008602,0.009497175200753001,0.015456668201724730,0.080313207564792086,0.083966803424529668,0.057734099718823907,0.016562590159156933,0.613623043362846121
51,0.193305983410979210,0.037845866421997901,0.070563959150768907,0.068341884654154375,0.012699452271908156,0.027974843436746149,0.177191182060073504,0.118390816577245470,0.058270824916774940,0.028485800651255500,0.007557384265888219,0.199372002182207658
52,0.138518815360828718,0.247483996273442947,0.026158961096429276,0.080773252875986482,0.027703584852925952,0.169945473038186301,0.002333869336445545,0.019162185245683108,0.040155322714377981,0.168504283615291156,0.074205336018593374,0.005054919571809320
53,0.070103842058785379,0.194841926032811308,0.027906519777375693,0.142691877479531465,0.029212300095662187,0.253921996243072490,0.003229858340445809,0.038711465103088170,0.012890325043537865,0.108717529516506164,0.115213089148298725,0.002559271160884826
54,0.128784131074641012,0.147832927850551243,0.030121191144303068,0.144590668912582737,0.042584404857145416,0.333108565154993597,0.003173420121906825,0.016174386258859887,0.017875931285616081,0.098329207656613640,0.031033040053897277,0.006392125628889140
55,0.092560814494189375,0.119645071207213766,0.065516076927288711,0.187941448213700874,0.028159170381084762,0.058879324903797887,0.002846099345099853,0.073426997254820270,0.081096229561373509,0.213305953582075297,0.046584124309757377,0.030038689819598313
56,0.149510451911333608,0.233322980789213125,0.013438222652174503,0.175492100916255722,0.020568874621572451,0.326763716220084544,0.004857203760345275,0.007288002803666592,0.023109943555773792,0.038745274117702858,0.004620085108115489,0.002283143543762107
57,0.078468842877189110,0.126628868054011440,0.041442788363717141,0.176771877176582326,0.020723035726854654,0.170237463295626751,0.009747106297032774,0.067487512946158859,0.063372418846245268,0.170454174181342177,0.024568604736974597,0.050097307498264743
58,0.014503461037969748,0.022443117379220282,0.047926119828928124,0.114495005598857058,0.007717551192312033,0.013938886907941950,0.018059681664971579,0.085876194206260539,0.234293737095679105,0.086075384318741316,0.009592707302195250,0.345078153466922999
59,0.078128934607205477,0.006075533876536565,0.070554428460555416,0.055977395283419100,0.006565809106387265,0.003428798490943182,0.248238691195058203,0.119335108263192158,0.052800274121740438,0.015232615456431217,0.005230827665048307,0.338431583473482622
60,0.109042605302786866,0.039631604947718460,0.060601327747386677,0.029527434211247094,0.008276385611712012,0.011908698346734513,0.015013854559633095,0.022717842959094615,0.145038787181946627,0.237851773954249140,0.049790514203225882,0.270599170974265002
61,0.017724339369347072,0.018913469570665222,0.088823693139506443,0.133615069802460934,0.007452865130184078,0.008061519397128996,0.031078739165533085,0.500078709316837511,0.114695908879241915,0.025826316751197360,0.009538283864974025,0.044191085612923425
62,0.080161631219446083,0.026355383099553566,0.070813497912337708,0.182884509642305237,0.013668427495417938,0.025416799361042623,0.003616750443272905,0.076638170863373087,0.243693727183045356,0.177108889679481046,0.036120178689916509,0.063522034410807879
63,0.077248080064029265,0.055572007191270215,0.066807516206051937,0.089769385203071830,0.013620924913282475,0.049987580620336543,0.090466484636980274,0.230980144095906642,0.069282765265133550,0.029860872392376059,0.006142605017822542,0.220261634393738581
64,0.288969497607441339,0.137992106567026568,0.047616653773818310,0.197647415687963846,0.039511629918659225,0.064336819040137896,0.009817014076183435,0.091278495382470168,0.036199671822988971,0.040364023130382856,0.044035376779199296,0.002231296213728161
65,0.019237126907536227,0.072683600553709288,0.020239011408718463,0.110899476184930901,0.017784339959155297,0.054576663817527474,0.000770211348790371,0.016202079344661342,0.018893586991215332,0.136624604052201393,0.531326174584249133,0.000763124847304801
66,0.024402919718357473,0.131155839193880325,0.012023547134254983,0.044819308556880426,0.013426542769557235,0.228913586537414615,0.000522728131033046,0.004380365919490570,0.027462420332344081,0.329148311672424532,0.182270781694122225,0.001473648340240369
67,0.001179821062481240,0.001630943988601816,0.184437911577269659,0.060259711188251575,0.004184764979897448,0.000704226080969637,0.001041711549241891,0.316096877382372132,0.137914050382845127,0.167123762385428143,0.091412867483821131,0.034013351938820220
68,0.014717298294607680,0.002950276202596600,0.178357444890621580,0.068237314935179719,0.004624937245823393,0.000938623711225373,0.009217855021659057,0.414146158748870452,0.106377151287580518,0.055350245601150011,0.031117620117952584,0.113965073942732961
69,0.167293612942120085,0.054929642808744017,0.054352556745066824,0.213293512082444098,0.018466293800255319,0.030914021511421499,0.006166601459354273,0.057792646853762231,0.173192262923930085,0.158877130380103038,0.044898452648093119,0.019823265844705618
70,0.313941087501776628,0.312091679543588407,0.027400433806932648,0.043129102116687933,0.012111624601343705,0.083470430278497348,0.003434674990078100,0.004435389766329272,0.068959377351279993,0.112649456433384032,0.009523692341006586,0.008853051269095349
71,0.134115225197572963,0.067058363943075683,0.036101300400140153,0.061407393657197738,0.019388561845441746,0.081875135090329065,0.009882792010920211,0.025437924516435798,0.095007720686937441,0.176125455678899118,0.028938401635924867,0.264661725337125231
72,0.001518456395432363,0.001213687923634409,0.139949725183726448,0.016817646075282779,0.005742561681601358,0.001135189688908772,0.003218846120359599,0.053388785815214231,0.062304528018852494,0.268590639738825909,0.129839868182016149,0.316280065176145486
73,0.013178108349587830,0.012107598867046062,0.088113819369074156,0.102442792690605813,0.032213427748896642,0.056733396909851429,0.001110946333765004,0.126453107596250142,0.018068896735164396,0.224504496903622286,0.306059874359708606,0.019013534136427611
74,0.094749535142548622,0.134431995576882624,0.032109047177707843,0.159964424128188426,0.023543861193427371,0.133660685123700995,0.001511669729383058,0.054592881131857958,0.045767907376483973,0.171811253526414298,0.143989752687563644,0.003866987205841170
75,0.280226769282397370,0.167295706009479600,0.024371494947661970,0.165913777828291142,0.017391528119157982,0.258439973332543427,0.013299997783530977,0.022022433582376488,0.023643354223471646,0.017742959517600295,0.002291627885178839,0.007360377488310385
76,0.038004561688972767,0.004156692448959837,0.069917037163529885,0.054652176023823502,0.004376671097795297,0.001433148688172374,0.760795078933385938,0.048049523354319605,0.008665231239142725,0.002308571198723517,0.002824472001498839,0.004816836161675843
77,0.284057412236446261,0.084919016793913712,0.033831279762076540,0.193739231210076940,0.057429265334302017,0.192801471155205878,0.003475755832040265,0.042447270975413981,0.015002382082137548,0.060616810707703216,0.021243377299014984,0.010436726611668756
78,0.044250827237143325,0.015128738141833062,0.064304505062452777,0.045887634324296871,0.006016714972753166,0.008392174176401557,0.008740274179649557,0.038647452542196932,0.206696794134014872,0.283900520395781619,0.031113402377336778,0.246920962456139509
79,0.218896669692934004,0.221873736300284785,0.044749604287830071,0.202903161330388382,0.019925065823009479,0.068667872557449897,0.011398557224329647,0.099658923940866270,0.062513097848303945,0.030337547330331404,0.016334214652104981,0.002741549012167405
80,0.186659957596270576,0.050385329723202560,0.051606759856943372,0.255373820128422635,0.012159577624580038,0.039787060233042008,0.010909472666486588,0.052653301278834046,0.176003614186128504,0.098878875844591818,0.015542729505803696,0.050039501355694231
81,0.061597940305718177,0.036084948002876711,0.053335527466057048,0.094072622092770300,0.008733651852371674,0.029313762354728823,0.015102862738026272,0.111418852060394771,0.309366400549899834,0.095455266165122399,0.009283578494776913,0.176234587917256963
82,0.025168837463161044,0.022085545703782780,0.147160276841713289,0.112749025814874393,0.011662549698720472,0.007028648361684504,0.041087172177174239,0.532096046238529796,0.048190344238108147,0.013127708370304763,0.010036798216137838,0.029607046875808909
83,0.280013015561809964,0.193035677770281577,0.017966664799031595,0.105979480485949087,0.028287114550022110,0.292933179556795042,0.006343958153827250,0.013804393296435529,0.012707558929623443,0.036212137647507435,0.006745835118603570,0.005970984130113396
84,0.504943572538185115,0.085759351970769920,0.027497396353240142,0.098820807885386150,0.009374684383478342,0.061143375500240953,0.112161408505929608,0.030700722427068762,0.042362773289808309,0.010165844650380984,0.001023051714108184,0.016047010781403616
85,0.081750753293061432,0.240532323991568847,0.016041164797471530,0.101915021946285184,0.019167954398753927,0.423354586136953592,0.003145098187028042,0.013748556556914563,0.024503473340206052,0.058973120017888590,0.008483594488628180,0.008384352845239954
86,0.151394835139821410,0.268783645598254406,0.020281713784087205,0.135165998403218829,0.028589470150445669,0.290802738854643306,0.004082411051532494,0.015625042687583936,0.015474492442185638,0.055147861891934109,0.012282586430726668,0.002369203565566192
87,0.192658358034716565,0.148915501289744817,0.014130152206915301,0.141630108767960922,0.024724883846583303,0.386522298815874854,0.005557737239172265,0.017719626065049513,0.016316486525235395,0.037555457485415548,0.010458454375481496,0.003810935347849986
88,0.083436563861743404,0.066389942943184233,0.060836147017253692,0.072574682911710375,0.013356666825580704,0.040722283194205101,0.092872656255281738,0.085227379514447296,0.120197462498311189,0.032236948549267085,0.007083095231341352,0.325066171197673837
89,0.389624177289552620,0.114209384823554971,0.047708634398514575,0.094305303964199658,0.011723212260285752,0.070325057378399641,0.056000899522791400,0.094505444062838728,0.067373735846468844,0.016975724659318497,0.002921133709640139,0.034327292084435121
90,0.012558434249135338,0.011697309627018449,0.093546464144096855,0.085570949683224540,0.025275078247464902,0.031382104379660429,0.001665777432303141,0.088677966703560943,0.042902876503680590,0.306651641241005468,0.224276671495342445,0.075794726293507073
91,0.189385946314240161,0.023753645841872683,0.055276175302433561,0.087581128897192398,0.008094119431064155,0.019148077934199679,0.473993482882317962,0.057844164748897683,0.027710042383312143,0.008246036816421340,0.001607816456392148,0.047359362991656072
92,0.178335797873886648,0.180988433433981633,0.012340985344568676,0.198359938002762470,0.025476484913061412,0.315341041043721904,0.001553337878100415,0.013064122557805416,0.021176241920349108,0.040074977379918976,0.011288218246753579,0.002000421405089853
93,0.256490497511645155,0.065705132943584002,0.078602103806988066,0.112494299900956843,0.013913686697877002,0.026771313932159944,0.037202846537638452,0.165712441831349006,0.164986004830042721,0.031928334143734728,0.006885574604241080,0.039307763259782823
94,0.163712351843303044,0.028705115508560444,0.083271610409538510,0.125653216786819538,0.009329977667822148,0.012605890641941050,0.135303030777312594,0.173742022333086998,0.150807505499641031,0.021919048068126955,0.004708703556412092,0.090241526907435574
95,0.019622804169962399,0.002644949408110476,0.210177564000870370,0.129244753519282357,0.006240717080788098,0.001085545426809686,0.007973898187947753,0.222588892710185254,0.157004287613610849,0.080025989304046571,0.049721787871850533,0.113668810706535575
96,0.087062884808405086,0.180775473744174298,0.039377834279329595,0.130094007859443500,0.035165951667165928,0.277941104617796642,0.002197435275981775,0.034562395751297256,0.021134471996820940,0.118090740644267306,0.067270744122550713,0.006326955232766906
97,0.105424983851185650,0.085708911722714248,0.111257733404913975,0.135408073130140777,0.015262223812114744,0.037430541733385565,0.131781770247440838,0.266216946393037945,0.065787557754090134,0.015112927941343135,0.005086044275567192,0.025522285734065706
98,0.402083739043082700,0.203684938278611088,0.034890937379144733,0.164435352050147615,0.012719657825484421,0.053391142406221899,0.013862389763857981,0.043428437824980765,0.048522126325382227,0.016989766141044024,0.001565437054851689,0.004426075907191019
99,0.250582700190842722,0.188174915158824591,0.014731016215901178,0.247090942914940437,0.023146503544984768,0.176425136259161924,0.009873551758706158,0.009260925361047709,0.029479198849298983,0.040516132822303437,0.005009817393973899,0.005709159530014178
100,0.001456016718975691,0.002357536237227033,0.060299657526883765,0.036845705409096242,0.004511650350317382,0.001422284246674601,0.010012720128680975,0.188141884116602570,0.076474954075714308,0.050785777712922489,0.034056845556292702,0.533634967920612269
101,0.004363789262427197,0.006841767890843495,0.082596895479694316,0.029451644380970879,0.008504577473319746,0.003459986828306609,0.006561094737826617,0.165371137577302679,0.086434334542220145,0.087441746105927892,0.076451692580411068,0.442521333140749318
102,0.568025489544672246,0.057666460790920651,0.012405282921956638,0.188619951594869883,0.013959519563503803,0.103035990671146785,0.016376981078102069,0.012777842883994533,0.010834215747165983,0.007880948786597501,0.003576533996565707,0.004840782420504292
103,0.073197868258888327,0.044708057062266597,0.078639286087747937,0.098480634533093678,0.021119614657345871,0.024972019206461728,0.036430929508499549,0.157023348147948383,0.145679195613683643,0.069671966495903542,0.012867861053413891,0.237209219374746788
104,0.079492438989559641,0.130436271292084238,0.050979383661888769,0.054714680670624641,0.023069626141910195,0.053951976380046333,0.002245197387930793,0.008209133591621957,0.075241233968744187,0.384364746978057115,0.093166599014412446,0.044128711923119589
105,0.063366311562201155,0.005532030470810519,0.092400409263589986,0.067104613869771845,0.006326936186122449,0.002690287823469715,0.050783710916806786,0.464786786512468797,0.066476450297668715,0.015314374703242539,0.006730771127294424,0.158487317266553157
106,0.020164816800884864,0.011260335300538788,0.234660597233575546,0.082090787239503402,0.011731055786905363,0.003166960292339434,0.076701129846193927,0.354514377319130547,0.117848705781641902,0.022187394283170899,0.020799472260555060,0.044874367855560260
107,0.055205070683176399,0.023858243621570713,0.079060339514804220,0.061732131830878736,0.011035826546400415,0.011806126150857230,0.067445487250867311,0.253488180664768692,0.093720125372975638,0.045964009989695832,0.008153397188384287,0.288531061185620441
108,0.096364719791992390,0.133272729747194341,0.036827605999562259,0.053512641172761208,0.020678825303121498,0.264623640864881771,0.003333894776186755,0.042763017832372324,0.057486944387989104,0.182766910200005017,0.060362081174586947,0.048006988749346377
109,0.009658652817361162,0.024235643116997736,0.075545836005344411,0.077605401379505098,0.017598821821888874,0.054495034416068351,0.000746441389023521,0.100327016426294297,0.034776780444920288,0.392570026641037628,0.203731413189667088,0.008708932351891503
110,0.003018351855166596,0.001228190334986368,0.274254654116188878,0.086652428521690320,0.007493289588644861,0.000845400156056497,0.000789752950511198,0.211928060142054064,0.044442974808456458,0.112498030662295898,0.231659736378406311,0.025189130485542499
111,0.090543247226823872,0.097722019460193182,0.042350942648903829,0.133898511064716452,0.049284536371979236,0.169767263345966896,0.001142957397429333,0.046811675852960068,0.024441176103618005,0.176309411549324419,0.163917779120471119,0.003810479857613589
112,0.060346278718266998,0.021031538035460293,0.062885654682784717,0.035310391259800337,0.025721664826280265,0.055928576741555214,0.014210556278907570,0.056798126843848065,0.033393822436743922,0.099434220722065383,0.040227753205841640,0.494711416248445668
113,0.008188438293350928,0.004943207430155756,0.255135477461218174,0.057746559854507051,0.005157086584780784,0.001426621848004937,0.007501814450411091,0.472911844985112795,0.074460866284584495,0.051393040120685587,0.025264814231750955,0.035870228455437511
114,0.020245749445024473,0.199565887302111861,0.017007303430175352,0.066519456935074245,0.013192672721920460,0.414857961310851675,0.001121200185374412,0.007513621317748683,0.010338979509535271,0.116814124399176711,0.131652249542064420,0.001170793900942501
115,0.025995698298409583,0.004811807139645775,0.224260137946952431,0.207872972959159186,0.013982659357557740,0.003560830902775527,0.004171109266888262,0.201135808751136125,0.045261474601125493,0.058440324025525577,0.137436589236369561,0.073070587514454541
116,0.010399846836903339,0.010057105098219986,0.239802463767225221,0.111472730996818425,0.011011257491140120,0.002376357741388123,0.043301324645058113,0.384327850218180167,0.123870426099594630,0.021338375188121296,0.023061117554157205,0.018981144363193540
117,0.385124513223510823,0.172431323061330299,0.026219143047485280,0.133222403406483642,0.016953724791390616,0.153473012386787538,0.017768315653107596,0.030225878566328940,0.032785662726319699,0.018586961810971313,0.002241827868302888,0.010967233457981482
118,0.083732787814710635,0.152125363304650679,0.044675253843421532,0.150545084278450536,0.021337748379167517,0.117353653612304737,0.026046642850282478,0.105582451520457324,0.131346604508567721,0.079778100666297827,0.015358693264363550,0.072117615957325451
119,0.089225915811968121,0.008808854403600838,0.130994681750411790,0.051255052235363238,0.007417344487021788,0.003591963898899282,0.247156139971790811,0.320024189064710529,0.045839396748323970,0.011279089303927221,0.006453711614178252,0.077953660709804085
120,0.400092646134254326,0.130076834557153631,0.038662353970283420,0.128176216856239866,0.012108997494164778,0.060045518211501489,0.051024126692702440,0.047020741939042612,0.083551033837120162,0.025687661383555153,0.003259048998764801,0.020294819925217360
121,0.049578608024687588,0.094385085656622195,0.048751859016955772,0.076529996059209571,0.028698188174728082,0.200592947095641960,0.004317841875527264,0.129107272267346473,0.025180451403176297,0.142100522299939858,0.160145463405377247,0.040611764720787792
122,0.061226782499838206,0.220857993160798571,0.008359465019647457,0.024191320807528682,0.011176319009934934,0.580587615021770698,0.002019869698971043,0.003680987592451735,0.011813482408519206,0.065820206114161256,0.006509832320907993,0.003756126345470148
123,0.108563813625885686,0.017618807790144929,0.128085883246250393,0.189036359136254495,0.010335537132136195,0.004171909624079945,0.045306966963137671,0.388813312350908602,0.056362070206424267,0.018648879500347996,0.015956694289912327,0.017099766134517549
124,0.058219672184475241,0.161537470185719095,0.016253724324124981,0.070913534556641927,0.023431966097216039,0.354374575660733160,0.000575560322588954,0.005916738405404925,0.011841101102211071,0.202896163963957210,0.093530114963830277,0.000509378233097169
125,0.034513670211723836,0.087338131321876664,0.060127918258258771,0.117930761240211818,0.016293994937459491,0.080599302957720526,0.013728387668045227,0.217334653903883207,0.116681305168025440,0.131293222612615307,0.076348381036909344,0.047810270683270532
126,0.062052244508662299,0.189435964059123746,0.040393123757820497,0.050588730958556406,0.020118296337713976,0.255859576444543602,0.002426154856268804,0.016423202823719622,0.020599576405144662,0.227680372660453295,0.106424188487212537,0.007998568700780480
127,0.464259972559033840,0.220121556391327494,0.010476998884499326,0.084687917626766057,0.012115073778297940,0.160777692000014544,0.012208482533144421,0.006779903306741657,0.013081942267156310,0.010411870683975828,0.001188871861948583,0.003889718107094082
128,0.039422820613243099,0.028970088460094304,0.109396270483054406,0.051010302904793650,0.016850859711457254,0.026911392500641961,0.010856333212770086,0.197519762037533630,0.097677897823568921,0.200040199216169140,0.051095301029082274,0.170248772007591420
129,0.014128766204121349,0.125620443748222121,0.025517983386700655,0.100597781849510945,0.018875198796571610,0.139733754290389617,0.001159988413641517,0.022733219456898750,0.028460760106657056,0.211321168909247126,0.309066272962245758,0.002784661875793450
130,0.191878394431678423,0.267534475844172503,0.054652742804384466,0.096422872084099012,0.018709853835497271,0.043928225356436458,0.011892914549693137,0.019324494745936435,0.163834610867113900,0.090217285227292165,0.009649103849019834,0.031955026404676401
131,0.050636348581555628,0.019405559342035621,0.074362696106201248,0.120590733328014441,0.020693134291362329,0.017803727330968196,0.015005872220103383,0.313287825207396731,0.066769022473169667,0.078727532665672645,0.038934897562517633,0.183782650891002375
132,0.170677052646520416,0.337008593441243065,0.012264771128873539,0.157602201669545861,0.033053125061609644,0.241473617134842444,0.001613076448737718,0.005180272634443633,0.008963426096039792,0.024691011597194293,0.007008160388563820,0.000464691752385875
133,0.016731452431780480,0.009545056256019193,0.112932321351645312,0.088149478721316524,0.007545064454248874,0.006480555173404087,0.012801703445875138,0.591938962122933732,0.058741276551156719,0.022358126983087982,0.011979613329594041,0.060796389178938023
134,0.210111346191084736,0.115672009218014210,0.028924873736218285,0.075734370198643750,0.014271200288559776,0.096283697775740876,0.329337618244015473,0.026189594471836494,0.031442073626929155,0.015533171721989494,0.002567829269652940,0.053932215257314800
135,0.069388231066323650,0.087892685013209917,0.060481293028903198,0.182565253852783438,0.035727747751842003,0.172047170957693812,0.003471729171925125,0.119208306889144786,0.059920425831922849,0.149591177035495432,0.024643788506203995,0.035062190894551572
136,0.000971824771192889,0.003581541904348429,0.099544116945678260,0.055640538347000522,0.006730466989934828,0.002489205228718238,0.002334352859320503,0.156713734067657651,0.130231720844088489,0.210720328082438818,0.094845570259849993,0.236196599699771331
137,0.043274295718738608,0.157421559062812078,0.062535071629660960,0.283442150838565332,0.075047471188538661,0.097287057808434885,0.003683086903641178,0.042138135518371318,0.030709219405784687,0.142616010946091859,0.039408078783966093,0.022437862195394294
138,0.058285697688399390,0.029505717254302028,0.119426907382336370,0.104210241514978139,0.021476747091850119,0.028499458972730075,0.011144409761709068,0.257120948060022336,0.058955233052457715,0.104240058598692245,0.029952596322121158,0.177181984300401246
139,0.475499331147704651,0.164234327075393371,0.017538919475742709,0.118665894316819301,0.012887858013400704,0.109604270726593886,0.036524213323516193,0.018891143481735047,0.024378359430335155,0.009711561867972007,0.001290524158819369,0.010773596981967622
140,0.055256356136221173,0.027727815439216357,0.015847331104401355,0.148835749229668773,0.005065542833146488,0.023853172262293224,0.014206895484575831,0.001430229643572049,0.587259581621193849,0.102524008666025609,0.003591723410941269,0.014401594168743955
141,0.118726249787329277,0.209167470792709143,0.012716883531458086,0.129157615252446289,0.023091279244947957,0.405273888324097997,0.004233381019785235,0.008057466868905856,0.022403345254883297,0.052814170690277724,0.011150836949811740,0.003207412283347214
142,0.034008633267321411,0.031695254860087708,0.132350879728992205,0.212919439591501225,0.018065230708201551,0.028368582005625444,0.025244802167639035,0.254718598647783623,0.080062477242500305,0.103315183614267198,0.030877407932568070,0.048373510233512190
143,0.017132296985334968,0.011126066335927753,0.043506516649946370,0.050653854771921802,0.004874678255059035,0.007299936904862901,0.008416344471064917,0.043318319146406291,0.263421865619916262,0.199584872907955985,0.033107980866099555,0.317557267085504191
144,0.141892255666420691,0.031508282227098595,0.110264522150587171,0.078690814450144267,0.018336881190093749,0.014291279100353512,0.008358597385277810,0.109214498028436774,0.182828174852732867,0.133081457036582057,0.039027625275838543,0.132505612636434067
145,0.031353326850119774,0.006636495415711676,0.130669010533991686,0.258300032639462329,0.011781310270739623,0.004574417621891776,0.002371057872066786,0.103964611611825436,0.097842812529784023,0.115169935520480396,0.190348432554475172,0.046988556579451259
146,0.012833689998037912,0.154483427955268787,0.020593575238373723,0.076275858678955741,0.014374926583651157,0.107979165328352111,0.000563855735154147,0.009108665571636729,0.015315757498400267,0.191489239491388158,0.396633117872536300,0.000348720048244878
147,0.012170589199328940,0.002689448201095756,0.044349489466023739,0.011352670314687655,0.002972327860576507,0.001176301720026936,0.025130897147686473,0.073867317858979750,0.052848371711350914,0.026245253385438132,0.015130033596048705,0.732067299538756489
148,0.057329554438701309,0.098440925831295961,0.056292103497726106,0.187420371715750628,0.050338175142511231,0.255616879051576706,0.008274288072700994,0.132269893690252466,0.033888683637584321,0.063020606818209854,0.015291120234378950,0.041817397869311372
149,0.367563918277208246,0.210217003756880932,0.020749783919897020,0.160061228363243047,0.016987148629195141,0.124129333461675664,0.028834939954318687,0.023788116014480921,0.023452114227769522,0.017884784525771268,0.001635286470800322,0.004696342398759413
150,0.328449050510092100,0.298912630046449634,0.013150944393726329,0.158354980206194956,0.022539048071927515,0.135679718363089341,0.006252536383705345,0.013118092799998581,0.007653386115383825,0.011907457942781838,0.002368195619863649,0.001613959546786889
151,0.228520241526150941,0.095746720250473899,0.037987358123801031,0.164037593714886770,0.026889424645597085,0.178795936606519212,0.008356876845772836,0.050896126265459717,0.062938624380680361,0.087988355121208978,0.017825760022405591,0.040016982497043524
152,0.033637374033360569,0.010578377467868962,0.057919075045222181,0.052425087223332514,0.005100885051718212,0.003952330671791483,0.041142714349687019,0.092032864009912105,0.226230543892450425,0.063404006435000465,0.010313310024664433,0.403263431794991578
153,0.501375226724845469,0.098882057698309447,0.021701122820853062,0.246186755548159025,0.024015836649272662,0.059190391239423865,0.007814245956361106,0.018155058399843091,0.012254915407954798,0.007903791369186265,0.001709301646455737,0.000811296539335466
154,0.181997848278434987,0.239512922768139153,0.033472521460273325,0.109913170178506089,0.017922035241710016,0.119117615533601479,0.044331267625229841,0.064831496676244646,0.095598950282028958,0.032639863964553650,0.003650828773850512,0.057011479217427476
155,0.460226846953543933,0.037481330140374455,0.053082829681799205,0.109807153045051495,0.012573637597826790,0.031791582253787649,0.075188111790084167,0.097993552625545557,0.049621112642551736,0.015801874173329986,0.002325351348015353,0.054106617748089551
