Id,chicken,elephant,fox,german_shepherd,golden_retriever,horse,jaguar,lion,owl,parrot,swan,tiger
1,0.004692532952819211,0.000903875486068618,0.022911434242672595,0.014737185598384489,0.002019912727716820,0.000567003541416512,0.002117122762647039,0.060357779962326497,0.025653490702660299,0.030121510875617419,0.009043082097602486,0.826875069050068134
2,0.065405664799122548,0.331019813427667009,0.169316605731165831,0.222253656126498889,0.079843082574703614,0.027746614626852805,0.000501947579000340,0.008708950299751600,0.014967728599232812,0.034252673798947128,0.045935926225463795,0.000047336211593885
3,0.046447683508973221,0.285097180349034640,0.011723177152974962,0.051140514423331916,0.027315368362012267,0.508129666622736842,0.000720350751763444,0.006421637529517647,0.007197132447601930,0.050312315692463271,0.005124824829096359,0.000370148330493605
4,0.612974607656262438,0.172774429629005077,0.043673712383743610,0.080660000891734557,0.052458008537715130,0.020910442047545653,0.001759877557675786,0.007415574323868306,0.004719246490440984,0.002178913344248655,0.000373072544736285,0.000102114593023613
5,0.238657696508296185,0.035366108167556837,0.056140170331256289,0.346663988699722314,0.013201622880608012,0.035148717779886034,0.002848810808773022,0.046170338982287749,0.089571658847522745,0.102184423310163433,0.005837484091149970,0.028208979592777326
6,0.090188509112785961,0.061841246557156782,0.062280998685046343,0.116712472745801488,0.025212650836602499,0.021391876256854389,0.015307264193184462,0.522949777773447311,0.036142976182612349,0.030265583570167696,0.006788197916618501,0.010918446169722255
7,0.158288863532735635,0.358952492432196457,0.012168771684068625,0.177060031838488591,0.036048973837877703,0.160094746374183222,0.001443520559923084,0.025182329472298953,0.044626471522298712,0.018742756580487643,0.006615688308421019,0.000775353857020330
8,0.000155384994842516,0.000317346287114217,0.048952743313165174,0.025905338647898925,0.001879691587763429,0.000108615504109801,0.001860019447971164,0.253530371491597517,0.068082355261290986,0.208518932889526026,0.098956673502704609,0.291732527072015690
9,0.045112171721557251,0.222013414612907772,0.009415689515494123,0.077294991932201629,0.014708627634805462,0.506053901779325743,0.000610127219288331,0.008985596057630716,0.004102865794376795,0.102570590042128401,0.008847462476596703,0.000284561213687087
10,0.010485713382220482,0.020606933954575513,0.061881349013893534,0.046712618798441581,0.009031512073058546,0.008582171083750530,0.008654279226088343,0.075892596084664657,0.486148088196909023,0.207628044399718992,0.020740944232953935,0.043635749553724887
11,0.114550287652505925,0.308016351210457784,0.019152687596793103,0.112797181730724297,0.011427358188674075,0.289584050267582549,0.001753097440254622,0.018548722318407238,0.009520328597883477,0.102388506760248646,0.009384085749136552,0.002877342487331769
12,0.050264704997759271,0.004730206421885982,0.167776191746724757,0.160432754332985650,0.015716977131470373,0.003820306102304859,0.002079754509563497,0.285920155095275186,0.186613351259225096,0.048056529450856658,0.008949551459740768,0.065639517492207838
13,0.029469917268411670,0.091796397681330785,0.015371089150175677,0.089240374774741504,0.014599804878169488,0.060014243297692539,0.033169549927502290,0.073728274946172359,0.315077615848815606,0.207592351925145829,0.017002638918536397,0.052937741383305870
14,0.003621816481306904,0.008205884264014102,0.097606411500656493,0.037801489837391788,0.009046770007819357,0.003897909730106153,0.003568123616375763,0.058682877491779063,0.205126025919842137,0.428288156120879393,0.075928489868597987,0.068226045161231041
15,0.024914100133815672,0.019060750947619574,0.079890127683610923,0.041900751967378337,0.011407335019520121,0.018945224336333909,0.026106137569464418,0.399416526441261854,0.073742025452001633,0.045049836326788287,0.013577903739392598,0.245989280382812758
16,0.169779256236727794,0.177997776801365193,0.085318948314105539,0.030754684064867810,0.009375368879557550,0.031200070324640145,0.001786593547045400,0.037163886813353163,0.149384552110865237,0.162157320161334134,0.014320324259424425,0.130761218486713543
17,0.018500943969687586,0.017621593463350276,0.120315768587414759,0.069988322473102368,0.021510774000461710,0.008136098708257241,0.001397027428939772,0.093621035462800678,0.031385069806929351,0.124202763994139959,0.225506690846754954,0.267813911258161286
18,0.021345115317088936,0.254498249359274953,0.033867372678309388,0.150940583563994118,0.032243905849424055,0.216221000135590397,0.002471401556325469,0.098329284567058015,0.030424144173546004,0.087960715261545364,0.048841058170147972,0.022857169367695197
19,0.196482142227407897,0.222591258549188958,0.043570325660723296,0.305417852671603207,0.042703989758374659,0.108547978304084081,0.002439563330484904,0.006019790378610102,0.009660078671168233,0.040874723852729784,0.021583740601403046,0.000108555994221828
20,0.345268870232075864,0.079572091352347815,0.008213488555887343,0.137881302932583660,0.014830674381541868,0.322621036458384247,0.012292717436958041,0.002718993998283076,0.026175885323410142,0.029487703204884145,0.009886653054037714,0.011050583069606077
21,0.301376852625212965,0.092223810735203332,0.038289317381684770,0.165977379406914927,0.021504872927423490,0.077061276636536558,0.032019389094155866,0.069594216272073517,0.022349851171425950,0.115465722551165731,0.035052417878750776,0.029084893319452087
22,0.014367144381387172,0.018213179779394059,0.082073671586301675,0.095198540559423631,0.009560498730251521,0.016334782571784608,0.009616259124491659,0.376924687017369586,0.176681296890104006,0.104542836868696698,0.062660010105317451,0.033827092385478021
23,0.069282135853670657,0.136435564427542899,0.066105334925952747,0.271249860570995149,0.057812449710077311,0.084391370334940097,0.000884935315613492,0.095149467270543436,0.056889961674646917,0.052635664538722218,0.108635375377616486,0.000527879999678620
24,0.023967876412739651,0.399198289665090411,0.009099104586220669,0.192876774855639976,0.009300672177455815,0.327062321157931268,0.000937915444655093,0.014419834681541220,0.001513327409947261,0.017014348197197399,0.004499017119968127,0.000110518291613253
25,0.008355010311356941,0.006776479640637508,0.025382670967633265,0.036853698092506465,0.009099282527454041,0.009871971585853951,0.007732578969389216,0.076838514724349730,0.251867569358744881,0.257516943405702525,0.025778051228176519,0.283927229188194907
26,0.077420171889544975,0.269027679848801549,0.010048098821622496,0.046309070342797236,0.012122588743661232,0.563969078324502604,0.001998070673870168,0.008703827862870652,0.003066081288849565,0.005895648211449943,0.001105518613595453,0.000334165378434278
27,0.170709016929963847,0.262907575908304547,0.016142487311432849,0.112377676077417471,0.021355785795846818,0.371219920401576586,0.016555670967707426,0.006539820949247361,0.006643393292760269,0.007107415365435986,0.000517493017973210,0.007923743982333625
28,0.787376705999575766,0.026761465574844042,0.030839448548320190,0.096777099871488484,0.017391405522382129,0.016342748991661368,0.003784957492549900,0.011827938302087360,0.006034813851982420,0.002270108382839862,0.000114957937636808,0.000478349524631645
29,0.054956396946354610,0.189364125439537456,0.055906540203942534,0.214959378636443516,0.018370699243056648,0.046235443878510342,0.002540903971975091,0.030491028342281141,0.056959954698109994,0.133678085271465796,0.192414382814652785,0.004123060553670185
30,0.015946753611233447,0.045408065226521223,0.040812805177257779,0.046595450894720204,0.022210452852989386,0.026087351026009429,0.000493609629178976,0.039897362205619305,0.030330764180050589,0.106878377109593664,0.625110579695498880,0.000228428391327127
31,0.248856496955725731,0.047502653702592983,0.079033722814435700,0.318563555484151939,0.054010139415543092,0.041165212981272001,0.004598525205618535,0.129949333336608880,0.015351953802921968,0.037726610101941817,0.006838099320322453,0.016403696878864837
32,0.312429730955730789,0.144761071062990604,0.009684756293846285,0.082630853071917004,0.008193052566003610,0.395711404489479057,0.017354268451015568,0.008348808316652348,0.009127153000294215,0.005297686807068414,0.000471443315389630,0.005989771669612601
33,0.024193274429757560,0.117521813972462252,0.023815353777917398,0.125832230098257752,0.005785369756109230,0.058919110310349805,0.002621437703239418,0.022025322681309852,0.055812582633901209,0.359980523049069134,0.202102538963542022,0.001390442624084277
34,0.098361749833269688,0.176790271033320512,0.099761217083764869,0.102379434845722539,0.103148056599745061,0.187284278254261027,0.001114324715012704,0.038550875371515358,0.029098060899472353,0.135930464498040443,0.027302186772565525,0.000279080093309816
35,0.040726271134088755,0.011047996214934035,0.027848658002981270,0.152172499267172551,0.005370460108038614,0.013385457934878026,0.008524398383875934,0.034365197152124896,0.510030260646581746,0.122390316376188607,0.013561098896535274,0.060577385882600157
36,0.412144678575117940,0.077227339054055030,0.011697898393721555,0.147162507183356772,0.022693422965546460,0.254952470393767339,0.011419046509727237,0.014572477263436053,0.014916897963265081,0.022544221257811303,0.001743869492178433,0.008925170948016706
37,0.007788315871120122,0.007175563937853507,0.008614307689683950,0.035788123761960916,0.001564817586835719,0.006331301531956643,0.000207116468894071,0.010520423896551660,0.075726743111365624,0.520937029850208289,0.323999105396636289,0.001347150896933067
38,0.054418282335909236,0.024695355588904094,0.124983315211573437,0.041595042991104079,0.007749543130072354,0.004981594575902470,0.015134580265751317,0.063397307273166018,0.080621902054803143,0.115628219069728616,0.016674618710595095,0.450120238792490190
39,0.084964314695772522,0.490963834731674376,0.003095936910799874,0.040718101352509174,0.007964219868922274,0.329508070205276893,0.000254105915260567,0.002037443600835696,0.003053555460106940,0.034421047043927892,0.002915303502324240,0.000104066712589732
40,0.748562604843384438,0.072003762111218575,0.014249445976569330,0.041356889834067462,0.007209592340875644,0.017126018751233169,0.002734827488390206,0.024131047620266556,0.006222737580940729,0.030919066006160525,0.028611676052202765,0.006872331394690653
41,0.001128211026300727,0.001490043020569257,0.198137045689894015,0.045250667332801212,0.005128130657398159,0.000095358228811706,0.001203295862598630,0.707785691346790813,0.018000323881386508,0.008993201698710365,0.004428347412850698,0.008359683841887974
42,0.000636324218313372,0.004889426268074094,0.043541525523830477,0.054212535836282341,0.007784553185599511,0.001734515571284643,0.002688278576050163,0.067798230315923247,0.103808628486755067,0.415405168985469531,0.156511338279857970,0.140989474752559657
43,0.106867979801868809,0.222020357937224327,0.012677513525963122,0.043675927818547074,0.012688253005999231,0.567200370724324832,0.001925896373369159,0.009511228828682165,0.005878023103534479,0.009745874544248346,0.000951034574958195,0.006857539761280180
44,0.021565651353402653,0.108834408023139276,0.041200540670456157,0.336254319593301265,0.011593795834018520,0.019070455037609117,0.153489357548978411,0.084591868533554215,0.170402280742651124,0.016113918887335908,0.002601197135467251,0.034282206640086021
45,0.139430808584333904,0.161527017500246339,0.133787411029131498,0.151542179876189259,0.030263102211592015,0.012207581278110629,0.063624705325586325,0.206881059792538596,0.017467276144299427,0.017710203580878211,0.002357589687259635,0.063201064989834257
46,0.027646354883567828,0.005106786157225528,0.240296730290338739,0.100630067047165261,0.013283116682536261,0.002217885905482457,0.003864001151266956,0.159925677227255592,0.358701674942536075,0.052900909377004958,0.009024387926446300,0.026402408409174006
47,0.012543476360809408,0.004998308887268751,0.190327129373291576,0.127401940438425731,0.009592801517895254,0.000631783858924987,0.008530582397480750,0.366998556253599229,0.130464206149090850,0.017181465681737302,0.026841195050221534,0.104488554031254802
48,0.000937163990599543,0.000247170390041814,0.291484153163891646,0.059083035625206101,0.009749946796860582,0.000143584573080156,0.000849816205765359,0.502279385716996152,0.031512422403446969,0.019118590619718392,0.021283291249932942,0.063311439264460506
49,0.040180769018220881,0.002464939086544792,0.037458607450057385,0.052473617932612952,0.002726032245042177,0.001318588072465098,0.774875377564130163,0.017984785732752580,0.045958545145009390,0.005275301807066703,0.000740089473586716,0.018543346472511119
50,0.001887037921163487,0.002649617095528023,0.012123008845582754,0.011023242094570807,0.001521007098085632,0.000597227455901112,0.002112203469681399,0.015075164303542141,0.015829869761614802,0.015412111607884490,0.003151802540389797,0.918617707806055561
51,0.338415820014187296,0.031756500819235561,0.057815245429341161,0.075640592884922683,0.015757796551538417,0.031803255819754836,0.187339521336621823,0.050592059708698685,0.085598722393982987,0.013567528577004877,0.002595116267512274,0.109117840197199459
52,0.102648241547257615,0.325974916631126488,0.004403639316381839,0.057926802359775806,0.017288598686472062,0.396650600162687328,0.000274875435824453,0.006756988064583682,0.011733234078823852,0.059992788455791590,0.014811772249204254,0.001537543012071086
53,0.077441767203075718,0.051081861268293047,0.050526394212502199,0.116691686242490406,0.023754511071171686,0.443156726801789858,0.004855863740492278,0.012574625613078599,0.027411299771765436,0.128979873395651590,0.057973981909193791,0.005551408770495387
54,0.046128203129910665,0.281505812002520450,0.010101604258028331,0.072598296015552274,0.024570177843188851,0.497634022949248689,0.001492693932215702,0.005079006780840908,0.005103643372929007,0.037011869830117124,0.017902211834796119,0.000872458050651916
55,0.188267048171335966,0.228701931850950002,0.068386821905156422,0.184422653351435317,0.051671370393895959,0.041836489397766505,0.003551416850629578,0.066143749502083890,0.027610136444290400,0.114930411299039054,0.015507495662792423,0.008970475170624463
56,0.095146150566405685,0.210607310317283747,0.002073083915381050,0.082077884937601167,0.010852688983106873,0.582295244008154800,0.002969173153339565,0.000517402292993992,0.003343325053802161,0.008244080468708127,0.001633754592788856,0.000239901710433865
57,0.070865015019221086,0.051045496523457815,0.035520046128121825,0.233425443917166492,0.013634308227921350,0.092788588765270255,0.007538688373496001,0.056115805621898537,0.085808812717146674,0.289819480387040584,0.011253184783197709,0.052185129536061643
58,0.001850826660160813,0.004399284252024735,0.043827970662965704,0.071546199869878688,0.005667769902910892,0.001810734614334815,0.007205149907183255,0.131014280165698355,0.225221075233650786,0.039047286756972298,0.012080207721568122,0.456329214252651660
59,0.037478285307608751,0.001552121231483266,0.116614580070571405,0.073395252332687663,0.004358303115917876,0.001332866770368027,0.358992512741961645,0.050958291386080247,0.042157015119022333,0.024188235568962983,0.008176682545175973,0.280795853810159646
60,0.197760283948293564,0.038488854206391448,0.042034162484488713,0.016213089606640710,0.005365430332264697,0.005558694192296354,0.004946327446401429,0.011854528397297429,0.077546460556121161,0.355369976596495274,0.021737786626803250,0.223124405606505954
61,0.002142702831027465,0.005887918932852375,0.059550048538316941,0.116035078188412827,0.002990338916312851,0.002195138291286439,0.030676056711825099,0.614368322699981539,0.084868999060083675,0.032835995087608781,0.007869552178256280,0.040579848564035625
62,0.039719260415089788,0.044804460136063505,0.079919783461714508,0.289816483467595198,0.014385596638852253,0.018830719305402737,0.002587528326140209,0.193319907012381526,0.171699894186430890,0.087118632200360771,0.014525620050621975,0.043272114799346638
63,0.011179443186618114,0.016345279452532249,0.040399982125336749,0.044732192271788304,0.002308832542638776,0.004871278627990831,0.066199978212740318,0.245769774341395131,0.022404622726398586,0.016154756772770527,0.000839947278525109,0.528793912461265281
64,0.558339937658398622,0.082939806330663501,0.035346774065326485,0.152519319249783319,0.025008731005903891,0.053305551304203592,0.007343781924776849,0.042312394758221968,0.009696534227151041,0.022597021150708465,0.010167192784468078,0.000422955540394344
65,0.016799848701157180,0.024707777048692234,0.021745365117511316,0.081089846179719149,0.008675410517931552,0.023576871326929687,0.000513887088049236,0.021869951408130049,0.019133489195684101,0.117459551790990505,0.664149083214140679,0.000278918411064318
66,0.006043105765413844,0.076932924632693814,0.005491817068751580,0.034161239151272088,0.003879360241467954,0.110784865708079966,0.000230021608218291,0.004068852264747506,0.020084575263394220,0.410825679695139168,0.326939473092803967,0.000558085508017745
67,0.000154282228404489,0.000475598179971903,0.181949429806774643,0.059260720562891639,0.004142860491680984,0.000053639023770053,0.000878834081166639,0.308014068866022173,0.121909153980567411,0.221788324822598942,0.076678268437555694,0.024694819518595392
68,0.003269911209249239,0.001331918167191700,0.261496418470909597,0.070680306131068418,0.010341372457967629,0.000639763386606493,0.006841626499538333,0.367513046524695963,0.044503036476690724,0.074912922962145259,0.041767902918966565,0.116701774794970251
69,0.187247163704240160,0.058584687192360659,0.057683711807214391,0.126267324873051645,0.016678244884417371,0.018802291996512874,0.003261504800728321,0.027104168369313762,0.198101744618128683,0.275299921606434128,0.026033702266888732,0.004935533880709280
70,0.363356753987084058,0.316916336635861606,0.008823675723244752,0.032045664360215088,0.008775948531290007,0.233776052096212522,0.000464236843805119,0.000441704994210698,0.007519916905875791,0.024888431311434842,0.002174851195860306,0.000816427414905150
71,0.075034229228408481,0.047811072206498502,0.041512203948591481,0.087051421904667581,0.009906172542290660,0.039844579049933528,0.007548684981484947,0.048941368842846403,0.119971273086515506,0.243160378637267527,0.055415433906953145,0.223803181664542133
72,0.003072243571771971,0.001808594702848881,0.183235250975003178,0.015889682733325316,0.007254691296130038,0.000466458573119778,0.001139780346082829,0.054268249545747847,0.045615478235171703,0.223087537987855855,0.105502245101848441,0.358659786931094127
73,0.006479975817165715,0.005620989113695349,0.074563870988501924,0.079567475045925012,0.042772481626437917,0.048198683747596650,0.002000522427991200,0.102969326278886608,0.034212206928408248,0.348903356586094782,0.223586304187388452,0.031124807251908249
74,0.013624814029139613,0.040984234224226396,0.034986046135018031,0.146711366502381230,0.010543244867966763,0.042785963683873086,0.002566111587123987,0.079474236301951703,0.097701715684375343,0.336523650254183126,0.190767408206987704,0.003331208522773142
75,0.472213372022333711,0.152452556568768466,0.018786479180909064,0.206374031690307852,0.016236955432566608,0.084277702412367872,0.009586193405289887,0.005104934088524552,0.023458570340003676,0.007015204152890091,0.000681630076781046,0.003812370629257205
76,0.003995235712800594,0.001505702573698246,0.005816072568395325,0.046280409789175393,0.003202493209445724,0.000321847892365022,0.934084483840365687,0.000487463151904142,0.002267082250069676,0.000881086301410577,0.000981860380128681,0.000176262330240827
77,0.264672365223713402,0.207899511464827380,0.035585992923931380,0.122468258498379459,0.060070931004877086,0.234828955083855373,0.001409776169731401,0.013421312616023182,0.026020312372464247,0.020799565794806102,0.007664690000658021,0.005158328846732933
78,0.076540346359497261,0.021093232068214382,0.105280894432355415,0.021489598166435038,0.005229609608012564,0.007406607736636857,0.004382779472618676,0.040737262927712133,0.289203321106906330,0.219370734620699115,0.037234508767988672,0.172031104732923573
79,0.065677914449537286,0.121674394929104215,0.082822444860901373,0.303494831507125917,0.014894611817042516,0.035089840981854768,0.005524847732267400,0.087210690079182113,0.160138533356630336,0.075594403434577739,0.045132581693837076,0.002744905157939240
80,0.139029219317865993,0.051731255248208888,0.081805164373414480,0.365594729392157147,0.009507128252423428,0.018922040303378882,0.012327540218572587,0.070292207044958491,0.125323252138451635,0.086687969321518274,0.007626975427321263,0.031152518961728919
81,0.021331258782439903,0.014707877823361321,0.070417452431211960,0.048102011592815692,0.006949777361056514,0.036147736429161956,0.004663274096862090,0.170349375841874789,0.346945016555445573,0.112456332520223856,0.004950553492425326,0.162979333073120958
82,0.046721757162350414,0.042092190405949907,0.193266582634370382,0.173709436835828734,0.012739683497984778,0.002466880956970700,0.029545446827602920,0.465776208634708311,0.016722649801537117,0.002969159235973951,0.002251423511781774,0.011738580494940969
83,0.286839639649652201,0.288297566947044503,0.013457463492762830,0.148803580075253128,0.034505740069395913,0.173929456783754294,0.004413130104750091,0.004523120426635291,0.005815138411299230,0.035708667795553956,0.001859591462522799,0.001846904781375846
84,0.751959955022988069,0.040945158936245458,0.019409208772529201,0.049408096252694163,0.013559437775429289,0.034443222936636590,0.067971776158193928,0.002809543481898938,0.014251396284847598,0.002394956978346669,0.000088006619197505,0.002759240780992646
85,0.033762034361550210,0.136499921628050219,0.009168085410233711,0.055536594483031630,0.031343641118488169,0.603879682970090981,0.001860561654884005,0.004752388534079595,0.044957411859814715,0.066842650543282728,0.008782941945076481,0.002614085491417550
86,0.189358311928016332,0.190274614134418874,0.020936276913183716,0.072271501271256769,0.015236655605616128,0.346726751138252576,0.001947763674377238,0.026899023480699825,0.016445061556034542,0.089767138291608012,0.029355009694690959,0.000781892311845049
87,0.112438921680732370,0.238063514348110322,0.007977900118400223,0.106112185957002836,0.024842957875902492,0.444460113412101843,0.003139500413381148,0.010460858161592297,0.013678045874804137,0.030325657418275479,0.007047325135914832,0.001453019603781846
88,0.004320432024093242,0.004674495719395918,0.136940924273391329,0.058841284692363521,0.003542882050889260,0.002943008134973711,0.083076193130605658,0.063772349359160069,0.453029086278816773,0.054164372397729317,0.013840623415736575,0.120854348522844601
89,0.608413784982270833,0.107210617176031531,0.015592132856843485,0.077318718323551749,0.014488766627336265,0.112958814426580012,0.025634340506066638,0.013031446129167382,0.010338272773317364,0.005660059607088020,0.000181124545262973,0.009171922046483554
90,0.009882656581909618,0.005657434097902301,0.020673313876672688,0.064038021937004058,0.018929797491993167,0.023378075922473922,0.000817922600969340,0.015727126089232320,0.014433255035209723,0.581367724995203616,0.193863581247976674,0.051231090123452505
91,0.044862299214553647,0.003095101956034772,0.013016983963048980,0.025627393071714178,0.004839210438343194,0.006215129121351871,0.819366746136219071,0.007759749052659522,0.012160214801739164,0.007467001171442052,0.000981070750385279,0.054609100322508257
92,0.127122430028090372,0.246478770437934286,0.010573520668658043,0.112331211539419260,0.021404626627893931,0.410154063578371142,0.002013616409072194,0.010948931888972651,0.022072392047338477,0.030100112031784924,0.006088512711837862,0.000711812030626839
93,0.071410612762194209,0.020644263260991617,0.090912767725861460,0.113959818817612205,0.014326249736084542,0.026803971774670789,0.020173707761663762,0.193271133798528838,0.239607040363923218,0.163559498021193794,0.017873396907207063,0.027457539070068537
94,0.472136467759494305,0.021532491499779299,0.045835699171831924,0.204877172507316269,0.014857478047240085,0.011401301210253933,0.084806094472075058,0.060105103104922106,0.044713857208851703,0.003905505519955449,0.001239739501687852,0.034589089996591896
95,0.003294526856997477,0.000233371044324018,0.394157612523749534,0.127991458694431265,0.009423817208343668,0.000172883111828252,0.003131850032671976,0.185952323034618061,0.119188619718778241,0.042407653073246197,0.047360283184059951,0.066685601516951576
96,0.076758813700685075,0.095896860474885853,0.013775220081544788,0.100622149771752809,0.017735009244433112,0.416612676419529371,0.001900240853554033,0.018764622610013257,0.023489895754071254,0.186748640393466309,0.041566882276625763,0.006128988419438220
97,0.044884213627865030,0.069736808524981347,0.049797406812981893,0.280133306780369684,0.018573740353442628,0.021403170547144693,0.106218059714294016,0.360964039316833629,0.025558920217247361,0.006812956805066678,0.003359015837682491,0.012558361462090599
98,0.572335583899538869,0.226959699576598589,0.032689220265491939,0.081376196676667720,0.007912680359595676,0.050058399787542888,0.006264410934540441,0.010763651261686803,0.009296330255243488,0.002020119615604620,0.000135352690228477,0.000188354677260534
99,0.321306203789702427,0.115592804030616350,0.021371965476922460,0.294323510317466286,0.027364265314077825,0.122823909226668790,0.002737861004304318,0.008729505714606315,0.039923083943662528,0.038687502079827088,0.004513844504109805,0.002625544598035777
100,0.000910562407979791,0.000390638376837778,0.058753943381301993,0.023118981628181694,0.004750816445922168,0.000196352722823081,0.001110353745670823,0.111172939192785605,0.097565303896172073,0.050735243464724807,0.053862910349188206,0.597431954388412012
101,0.003885193335950035,0.007602123429794700,0.166025729311171988,0.024544639845196087,0.006974370844206419,0.002664570757176583,0.002352819317110892,0.325036562599379186,0.071293369861081562,0.036134328835452791,0.083311476704121701,0.270174815159357984
102,0.721937645866625788,0.062246467862156943,0.005989570588314858,0.067778708554932510,0.008926056410993722,0.118794734730743271,0.005672975907965042,0.002962549182882765,0.001108395444077280,0.002999761889574246,0.000810532403266570,0.000772601158466884
103,0.065919663257465164,0.033954536296522973,0.087700813789496249,0.131107103113319273,0.008308341376148019,0.014256965134775205,0.018150631011465659,0.242415397118372872,0.098127976249873169,0.038083039695201291,0.007301424283272490,0.254674108674087796
104,0.130292822941348668,0.186481219141903576,0.036912353788389314,0.053462905485660864,0.025962689167918385,0.073312203410557164,0.000773209812800919,0.002747817953536486,0.020456258288091844,0.244848743733078744,0.202500874718985313,0.022248901557728702
105,0.087180728653081213,0.002492202328620113,0.082492760631656781,0.079287169673463193,0.009389235479448759,0.001171351898138952,0.041388653796502174,0.587533867042490221,0.026517082356419756,0.006921957253108211,0.002313293515643573,0.073311697371427134
106,0.007264510424197781,0.002097305834283282,0.143963090812017941,0.069034219016871956,0.006571148588063203,0.000358842932520482,0.003940450464164898,0.316182415671806716,0.271893441342855480,0.039981195524354987,0.026238501803887423,0.112474877584975888
107,0.042630351409839631,0.012483763171413540,0.078055593876083060,0.063273609161015543,0.007654476075213287,0.003096145403085679,0.027161230377147641,0.273299562089227954,0.046329605000270807,0.026338973340157230,0.003730790206074660,0.415945899890470983
108,0.095832322523617439,0.199294625541450721,0.010309170079828300,0.055680972257700398,0.006314702288495709,0.272369755612293929,0.002162443969622326,0.022309252121525000,0.059904957110191510,0.228059285772498038,0.035585907088993771,0.012176605633782834
109,0.004713157941314382,0.016259625007090824,0.051140542264310834,0.044633261654342740,0.015509348354505723,0.024026337467303708,0.000607225718992091,0.144914957982218595,0.015180045532090970,0.467915955834305952,0.210856182414925625,0.004243359828598477
110,0.000831869176829971,0.000282982820486908,0.204169316106134341,0.113662925162521480,0.031807734433214246,0.000225956958442293,0.000718798474556553,0.234982607759117418,0.068761509403547610,0.116333902961572200,0.190289275000776387,0.037933121742800585
111,0.028517150390831338,0.094394464399519956,0.028857272160853830,0.161726657966727444,0.040211266946457443,0.134590847701566874,0.001498464255593095,0.050534577523480111,0.040985947283160698,0.308245020237255030,0.109119939120103759,0.001318392014450502
112,0.096667592169880662,0.021480056376856439,0.093738578615459256,0.054619309596551743,0.062736710468232454,0.023843496612079365,0.014584603965074838,0.050059503419440377,0.047970289709615442,0.101198981371097022,0.022497379451670713,0.410603498244041798
113,0.001772426955470356,0.001112410127463597,0.277218950635482297,0.043679089660184280,0.004385188763180252,0.000194214184246339,0.016354059493691946,0.553622575713605181,0.036032073376193650,0.032160729023826162,0.016980928444083686,0.016487353622572309
114,0.060785025921725418,0.429403859496606144,0.008053649524732488,0.031346517646889893,0.014860328730205248,0.336872129493298089,0.000436503499128329,0.000735108738254374,0.006505457810758958,0.069100136014740923,0.041780522104832032,0.000120761018828057
115,0.003063284066006737,0.000448595137876700,0.229834066063950876,0.298943566869466049,0.013659819966993891,0.000412801276098273,0.008208171240618387,0.170205250635738770,0.043998956173295266,0.056536889912449720,0.077961305140355153,0.096727293517150106
116,0.003824538386562197,0.005199518108730932,0.172511119228229121,0.040932674824180768,0.006956331165463077,0.000800901737785507,0.005266775217236404,0.349987113279268847,0.309121848260779986,0.036373646553463042,0.041496878187181535,0.027528655051118761
117,0.519628838630110890,0.100014888145132139,0.036995092890091008,0.216607591686769602,0.019881096881875965,0.070215353187340679,0.004504495643494265,0.011798276458711168,0.006137292297829926,0.008872717277913318,0.000416044236240354,0.004928312664490636
118,0.046859490069192558,0.108306359766816990,0.053015806951140214,0.183401762911745786,0.014399570339177681,0.037732899203175324,0.085069041197837467,0.130553191714174510,0.168362210764562231,0.098714590230499180,0.010605346358654462,0.062979730493023786
119,0.033743411968980327,0.003642319675625836,0.156294247034297368,0.081966114370032317,0.006507828869212711,0.000982704433680116,0.389211693437570283,0.250847626299762927,0.021980540429288070,0.007329585115299980,0.005492777590370390,0.042001150775879868
120,0.670921801680710361,0.156410583384812951,0.013689236244765082,0.082977481698701727,0.006580388124595617,0.029998533156490443,0.011054241658820931,0.012292108007797864,0.005878124958085320,0.004185380997598175,0.000290471859468663,0.005721648228153057
121,0.046697085172154644,0.070710696740121329,0.053932383064806196,0.126424960360770389,0.026315110907563919,0.102977390493419405,0.002870554407566819,0.232934555696645840,0.020042657320840682,0.106008930050214875,0.187734849403049714,0.023350826382846152
122,0.056906921163772987,0.292992129330520379,0.002781322507152515,0.023073773977184818,0.003601282926114125,0.556596905801548747,0.000911192392196878,0.000536574257801936,0.006394095946852544,0.052831299591684436,0.003030390694321381,0.000344111410849213
123,0.077517381714759498,0.013086103686048652,0.093731072433112531,0.241946886681306150,0.016154153419135495,0.004701950978117767,0.007978790586545846,0.488347459028991182,0.013432271648186176,0.018231931055914179,0.016177390596287054,0.008694608171595486
124,0.049748906036063176,0.097390395357265999,0.015078682076965458,0.067740911853529095,0.020601973455710031,0.363796257842797399,0.000559926527630353,0.003406689619060995,0.011327162172301782,0.329647282519072493,0.040405855570805074,0.000295956968798186
125,0.020297274213394501,0.005690898004704827,0.049678203004634179,0.106633654567576980,0.006460801288694177,0.006184463656212108,0.004079401303237040,0.411980656591536598,0.097683934190366972,0.228572190529655078,0.033678209008014340,0.029060313641973180
126,0.016529424134852061,0.032838615007234589,0.028763665156684669,0.037230666027610104,0.007105651069128576,0.071183312106016333,0.001805828898218463,0.019684944515242452,0.024384080146900858,0.685687315457715663,0.072203449569431963,0.002583047910964285
127,0.392825035530399713,0.414241704371397013,0.012035267287705650,0.045197943621714219,0.010779020980779968,0.113897785871991328,0.003462809878643438,0.003214179035476291,0.002677651733178671,0.000916745412099645,0.000141329523858946,0.000610526752754866
128,0.034952691472022915,0.039526761495600936,0.095497753036257335,0.046125139022916296,0.008495643133282271,0.011195593185554244,0.012241328949559512,0.234989173520761763,0.166182652121510982,0.215633703138759153,0.024385440404744278,0.110774120519030392
129,0.009663283623138591,0.097610429802383672,0.016263361251503450,0.180306493281923164,0.015592158908081053,0.235635321134341325,0.000487450030792052,0.014426441440693038,0.043639947624640803,0.228167019243536634,0.156231545765991464,0.001976547892974808
130,0.109376915423529564,0.227349811683733055,0.060692558838086746,0.135949693452644488,0.009046374972995102,0.207550692366864159,0.008822799254640454,0.005033708544760761,0.060636004302735323,0.162092231756728045,0.006997633731826089,0.006451575671456003
131,0.007479499151044336,0.003776508752029251,0.083445316317542428,0.110589678350796486,0.011640372163120008,0.002971515665535291,0.007105164800345294,0.531173949356213537,0.100878312693621366,0.034991650924487527,0.011340902585599935,0.094607129239664509
132,0.204661543136610141,0.397825387092941407,0.025633266241041879,0.116163661773856244,0.036780538988763496,0.186408359117241101,0.000476235153260310,0.006730536984864315,0.003889108590276856,0.018133722035324238,0.003199962764752585,0.000097678121067572
133,0.004270375217668917,0.003846471902745366,0.050469909610879174,0.014793182052919747,0.003542360148921134,0.001578576167792943,0.000995883966827053,0.890295054768725058,0.015803673291062172,0.003001737308416352,0.003528684993104153,0.007874090570937976
134,0.026513205488423158,0.014440526618223350,0.004773068563419099,0.078661629877242220,0.004260406490255571,0.007948398350848637,0.846020007420485998,0.000976916435282081,0.006821558600219738,0.004561154079658808,0.002930805319428123,0.002092322756512980
135,0.016698281443585167,0.051756183214417315,0.041980662312026205,0.108649039456440166,0.039422025624962879,0.196741671856526606,0.005436102814484332,0.057085873454540685,0.085587090250279774,0.345170519456977243,0.012499162863598551,0.038973387252161137
136,0.000462739258483722,0.000543128818947396,0.144383292290293258,0.029058643019051911,0.010282458246564841,0.000300990759339422,0.000501721600689094,0.051810464351561981,0.220185990483317523,0.211277084288860689,0.171967595696656428,0.159225891186233676
137,0.057979616227473142,0.015901729766035461,0.304145496879143717,0.170808848928934748,0.279406360725221792,0.039245975689885304,0.001879575540668643,0.018336084906424372,0.010127411101580249,0.065987510936073829,0.015475810286274826,0.020705579012284054
138,0.067733593383231636,0.022008680090059081,0.123729323437656358,0.051672116793766348,0.020020541479920530,0.010070905121327833,0.007394227622839592,0.416144849511614956,0.014250914048587773,0.036017942735276087,0.007744043775010360,0.223212862000709472
139,0.697122736497680418,0.121799039478230509,0.006322184199506939,0.079603528709055030,0.014083921425973724,0.050059064912384640,0.012446823021020610,0.007491655611811420,0.006380442189428423,0.002975836480182063,0.000231658561639696,0.001483108913086400
140,0.092663821291297896,0.041528949567024971,0.010364477203130740,0.409726365453343122,0.003369588816991192,0.051295163667783271,0.003422067257465998,0.000208032893169798,0.238598460553260450,0.144306029053628215,0.003326831383855134,0.001190212859049049
141,0.061703737550215229,0.099614371045114433,0.009446350893059161,0.360869241564225396,0.013876872076022725,0.323475608721263186,0.001988056535905646,0.006294238507656504,0.038571340878512043,0.076408008532093438,0.005582191601615670,0.002169982094316651
142,0.011094626244489257,0.021723750047638071,0.054481653185807853,0.177418097751784160,0.010265277546163919,0.014776317579846291,0.030407505826959013,0.178291095320839199,0.167476266447997235,0.242928712095379307,0.033783101572609817,0.057353596380485948
143,0.004066292189433787,0.001253389909329871,0.014182107163797846,0.017337739500208858,0.001106309035038960,0.000458112186453681,0.008553069792066844,0.016486003422453134,0.237390868831790308,0.389317030842890988,0.029106012717561414,0.280743064408974285
144,0.007532459492901716,0.004396958098152922,0.056165188102233830,0.049966508513117569,0.005127210749887008,0.002293938807455748,0.005499544456983847,0.039529283249636435,0.693017631292997427,0.094339602452212332,0.016953300052002844,0.025178374732418553
145,0.007811722643004573,0.001081169341465027,0.109355798176063293,0.312587369630449197,0.019990296737223138,0.001482562969121959,0.002443176392399225,0.102961589940168866,0.046814373066816246,0.051471069378294675,0.275023950753473856,0.068976920971520111
146,0.011258994584939178,0.224659868853103406,0.013140035904132876,0.055009806672928770,0.006735480574819510,0.102758940135082702,0.000221866263447841,0.006968037927388236,0.010574521027344960,0.155656132814737280,0.412951828336570737,0.000064486905504554
147,0.003886297856163805,0.000598690765838223,0.015450368618375432,0.006458314638082742,0.000832110495887579,0.000227561499996673,0.004614990012168042,0.019910818839517785,0.010266310669641588,0.007678924851007349,0.003062801494117987,0.927012810259202902
148,0.059306201544496964,0.075093684346168366,0.096720463497626266,0.176872602714884086,0.124630375526104509,0.199537102480636636,0.001594981326721192,0.201714852242277615,0.033656884545046131,0.017848636214446156,0.001050983327359382,0.011973232234232797
149,0.459962276317248675,0.099080128782575674,0.015381720863538065,0.184763263594812488,0.014649940364517612,0.129937772908503446,0.049566111183701168,0.005207692694768865,0.015381256562121673,0.023192533988190069,0.000689567384649288,0.002187735355373156
150,0.444927719336934036,0.191293198478200616,0.010841038922980176,0.197029646632976535,0.040969459724979583,0.099372979749922929,0.003149629490476257,0.001587427736266818,0.003062882961485794,0.006351938490090765,0.001154858183022586,0.000259220292663745
151,0.277820595191598407,0.096264042782225015,0.014333446299450632,0.115527503015486449,0.037606127476590784,0.383968182750985820,0.004027327347209162,0.027166529668818242,0.011014356069915215,0.014993295682815681,0.005498836727313297,0.011779756987591178
152,0.011641029177580284,0.002826108291791465,0.076755598977271300,0.031017047888761747,0.002809404963423447,0.000554017754127663,0.039970167733329759,0.181059589661006964,0.387006126833477682,0.042406879172118980,0.014736059998730655,0.209217969548380039
153,0.514210261475703811,0.044560523514039801,0.012100811057521255,0.334285600217995138,0.016677472436361820,0.016610567552754786,0.018751120289041953,0.007665081114049207,0.004369906924734292,0.027733466370301066,0.002704565708328981,0.000330623339168038
154,0.231035219429702537,0.409667499709587490,0.017274934009307290,0.135583455767207567,0.015528293129899661,0.078256509455697995,0.054022320028067956,0.030750779947317734,0.015456216093401405,0.006181381029556007,0.001438232271808332,0.004805159128446122
155,0.685264124721304602,0.064646411554590819,0.036701181913230983,0.043568265741313755,0.009955158464307296,0.036397130177598977,0.015863669861988026,0.064261308837557055,0.035383819296895408,0.004086452875122338,0.000297915606514814,0.003574560949576002
