Id,chicken,elephant,fox,german_shepherd,golden_retriever,horse,jaguar,lion,owl,parrot,swan,tiger
1,0.000246172523568397,0.000121940101163351,0.002008840703437467,0.000901718285396518,0.000834900136991045,0.000054791560079249,0.000376846774210625,0.004229412872524799,0.023437384135025705,0.009942198615036504,0.002069045526013092,0.955776748766553608
2,0.108455098615391446,0.270833841880319115,0.117100422768153370,0.172171950149213243,0.150917825487443924,0.049785495483118884,0.002850293949842589,0.006206001880637685,0.061133272384415523,0.035146582255793271,0.022791188554372059,0.002608026591298658
3,0.066533156724775014,0.123741240164131350,0.002890103185209797,0.061609279060540284,0.003873022871516737,0.701552709941076547,0.000228339888711138,0.000680960913400823,0.003841534149620273,0.033471753936530353,0.001193598689611410,0.000384300474876167
4,0.237032818267002371,0.494744995530719156,0.018581966152677803,0.174498773488309056,0.038880416733243460,0.023328528528464679,0.000515463729472591,0.003607737306482332,0.003309751997017985,0.003004743114504489,0.001956386421576246,0.000538418730529595
5,0.222198905280134723,0.263490601903405341,0.035780569790183840,0.144946800497518735,0.028090854545250590,0.019217004377488692,0.002901247474600200,0.115300191155133680,0.080116328079825549,0.063898647738057410,0.012876303449706328,0.011182545708694968
6,0.038636800419514651,0.017958169206736273,0.094518768594647154,0.262769087720870764,0.031115355475470462,0.023402926792929817,0.005629052343668051,0.409885482340596963,0.081338452234216638,0.020589439171016546,0.008726905255594213,0.005429560444738872
7,0.113718665055540763,0.162225134934006726,0.051532906502634285,0.204950996710565991,0.081122736191202457,0.051830378630914199,0.004734260979200633,0.020428787971928496,0.093261223730776055,0.181371165639845483,0.029617354835887209,0.005206388817497415
8,0.001595757251500255,0.001400023752347515,0.056167686386230549,0.075049484675158762,0.005454536472401451,0.001114126427128938,0.002837565726804269,0.116912257719131260,0.092602151433117424,0.272717675239965596,0.113888623327409289,0.260260111588804910
9,0.088248363775272107,0.327945509946481362,0.003350520552384401,0.079406445735462558,0.016730024453143939,0.449482329572119976,0.000250474336507987,0.001590412685031378,0.002297375699867842,0.027712439317006794,0.002503699247851718,0.000482404678869961
10,0.017011892081419070,0.022865617569184829,0.095437058362832158,0.110739111386094130,0.022366334589956089,0.015490682023975742,0.017223452596348401,0.361065101428784396,0.181936110013924790,0.117193862224368839,0.010758634577017163,0.027912143146094717
11,0.208521882158825389,0.149165550300762811,0.018147935451342821,0.131533411014742030,0.013370329663969647,0.371235401953381949,0.000837039639530074,0.013223992288556603,0.014502594452784829,0.061079161860119066,0.017209137234061676,0.001173563981922876
12,0.007623367538339228,0.006133318343836959,0.130942383976086291,0.110401042248983436,0.029013574139809362,0.001280707689754346,0.001063117766500642,0.483160404963978107,0.109191433035133276,0.045269258240423937,0.007983470624136796,0.067937921433017620
13,0.017837148683934736,0.020540488162281521,0.029800608116626843,0.133907669359387665,0.011209806508824990,0.007092042529614213,0.013487892524347017,0.067659706295851718,0.419980429918378750,0.153881416412817190,0.086081134176855437,0.038521657311079510
14,0.002420943264040034,0.003692704218167690,0.029053631351348769,0.026335791671983192,0.005931388355479677,0.001889427819654044,0.001447569906289582,0.064473682466787932,0.136509550456560769,0.589324045992284273,0.063339331479544209,0.075581933017859634
15,0.009635554030194530,0.016988928762268953,0.101829642648984892,0.087688944363244842,0.008541541997866950,0.005163464436308328,0.009973802437113924,0.575787446678261317,0.042941072997706976,0.029488665135076066,0.006385249538402226,0.105575686974570995
16,0.071313778623043347,0.383167820159537154,0.108778070778404318,0.094838865568562636,0.012078701327172330,0.030552812871847357,0.001284095543855544,0.105809473180367083,0.043333974287263481,0.075609302062802461,0.023591326268649928,0.049641779328494000
17,0.007387062475089586,0.012698853288798266,0.191228772657149715,0.158905936722975788,0.016821323149680070,0.005426900215728839,0.001183510217325905,0.095385001816815460,0.028001407973500772,0.199256342079901866,0.255827825503683881,0.027877063899350022
18,0.008612181714358461,0.038664521840774700,0.046157586569513569,0.275023977518495666,0.027750988361932499,0.016116057602756178,0.001396191386036859,0.269642071254781734,0.029232413653554723,0.162764386073937367,0.098269153052663968,0.026370470971194344
19,0.275941105479545201,0.168573074400635708,0.059443753576183214,0.334447346018479752,0.024584767420568716,0.098945520733010814,0.001506592157786733,0.004547921104208340,0.010771995467095717,0.014400963464404630,0.005510730596357663,0.001326229581723462
20,0.358133036506703140,0.131702595852304649,0.010754902351921171,0.102653012291721593,0.012033482059194786,0.328668483909530518,0.002402290593593790,0.002712438767930569,0.008813642098394215,0.033060230402768051,0.007588506862876374,0.001477378303060784
21,0.173879290929299823,0.075358292520728981,0.033578725081949271,0.204630122587395463,0.020446244652910586,0.049307811635269885,0.003564657873707971,0.252760577991107016,0.015964964281037806,0.107666068595789269,0.024274516725083416,0.038568727125721049
22,0.002729357576043794,0.006996330910578589,0.069298964290083573,0.049510715113141743,0.006022674701653487,0.002988887137044713,0.004442120823662500,0.481716504733079198,0.077614241270736795,0.146858509247716013,0.019010089850431084,0.132811604345828033
23,0.077496638065493895,0.230349896270954729,0.118453498803479662,0.306181694076159971,0.092537714243914507,0.037235522260823259,0.002657093290395526,0.014949695290306547,0.029935035966121373,0.055629606193546656,0.030800770761264955,0.003772834777539435
24,0.093118835292232582,0.525026382084271992,0.007545833832340271,0.083863431253819079,0.011005020385624311,0.244189122736058695,0.001186530395667974,0.003875604750219500,0.003826461986749129,0.023121153800563950,0.002438347932336196,0.000803275550116372
25,0.001824779135328498,0.000962088759232889,0.052619456796753561,0.022876864080687752,0.002354792610121931,0.000562777440831195,0.001112998778570829,0.063436921784033748,0.143702086663884843,0.093496663427965046,0.010296382562827390,0.606754187959761881
26,0.084535587158363845,0.250225746904773894,0.009852398132321903,0.028042487107380276,0.003197764121573932,0.619464289614683805,0.000581758561929122,0.002228289096402546,0.000649051454895926,0.000790909617339908,0.000295451608715075,0.000136266621619483
27,0.358342672820507024,0.207258646088375631,0.026395230609117006,0.056971224594064486,0.013653935202990474,0.282479081522008957,0.009873380911303081,0.006279554024903646,0.014918795804118996,0.018596917551476275,0.002493187965964413,0.002737372905170146
28,0.828115594402483612,0.015527917990348026,0.020665318512048239,0.061410583840424082,0.038364954246741086,0.016087384496986840,0.003033992645253137,0.005242686618353826,0.004300693980433056,0.005477321498260486,0.001119059544556739,0.000654492224109887
29,0.085974156852856212,0.073984398103511873,0.033264210451144360,0.229858428300634687,0.099148624388847459,0.025393822964316443,0.002601909142243322,0.017391445103667899,0.038933561701285230,0.282115746384464738,0.093774338690425632,0.017559357916603256
30,0.004583417235603180,0.008048094973111144,0.074188761884648222,0.043339664402833072,0.011065286403946901,0.004599458140111262,0.001454242571082133,0.012355185450644702,0.067414054528722442,0.214374151270190549,0.552496453552802635,0.006081229586304025
31,0.136348207331976889,0.024122372762623048,0.059855695668571567,0.317308070085509597,0.024660803097706838,0.021394170100762538,0.002055939772807691,0.341928279331896623,0.018728888074791235,0.026118543760095619,0.008075096491341827,0.019403933521916793
32,0.556567010544345875,0.083562087769400106,0.003073451327620077,0.041345195821984683,0.005399346294258009,0.300678527396113338,0.004286448191493559,0.000811834761481391,0.001172699449608640,0.002033395991301930,0.000661726546927517,0.000408275905464489
33,0.028222186858613888,0.022732752677219435,0.056579431302276009,0.219310042310112724,0.031005869966723189,0.014783296062058216,0.000948326413987888,0.011959633896017762,0.053550421666808429,0.245563851223977780,0.312114152054158822,0.003230035568046194
34,0.086020352524362673,0.108934730732701601,0.038485916033846539,0.179462542673964082,0.118717789908821772,0.227558145979778054,0.001726090468443084,0.010694797569339429,0.030566794054671859,0.169467238908121098,0.025418886291710508,0.002946714854238963
35,0.010468355535038236,0.006317538174886752,0.052681176672258481,0.142381278732156946,0.014934233640220118,0.003356238094351582,0.001563339179938460,0.064686611246065076,0.405610935110104209,0.256887983384275154,0.018332830719004770,0.022779479511700070
36,0.630317349246482084,0.166485358037336773,0.004313708412468903,0.078307460500012444,0.008661202579941551,0.099596753027395041,0.000711076659194647,0.003752100286684543,0.003293111400409361,0.003620331661444565,0.000447000097698613,0.000494548090931268
37,0.003371863225635477,0.002980357016723398,0.008746791893368269,0.024766501774607787,0.003762736279855885,0.001380517264856881,0.000729536087284062,0.004461655461608594,0.095200878634802505,0.513890599849958774,0.316552075438947866,0.024156487072350637
38,0.007400902449509188,0.009431400396224922,0.059821735488463354,0.014752192486564092,0.002980236239768989,0.001051369840815927,0.005846825430498651,0.041039067236657727,0.118413635264920727,0.082528442907414026,0.010767073402118936,0.645967118857043388
39,0.063772888118363361,0.724987383123714357,0.001461169204855229,0.034854770663672006,0.002281279316066443,0.169357548645596295,0.000133030982595460,0.000606480752166723,0.000688491037520212,0.001227855516235108,0.000477698763558246,0.000151403875656509
40,0.565339422562174732,0.133564247088210269,0.019535080352585880,0.040959323475589844,0.013001810482288472,0.095426930215626427,0.011515915802818610,0.021985849117772228,0.012942937939283696,0.049314301527172276,0.013728300503911411,0.022685880932566165
41,0.001068868532564755,0.001131567836918377,0.462062171489091622,0.021194691617986657,0.001912154563905875,0.000464651176069559,0.001842315755588164,0.458230861658025068,0.014927655852241761,0.016932971227226597,0.011323006686922247,0.008909083603459074
42,0.006930609935601758,0.002695474799956171,0.030512742044176540,0.157090420260234259,0.034592189395821440,0.002070815811433521,0.003694819927221525,0.050521656807882613,0.128942019190193324,0.412317660061580715,0.099754915106381542,0.070876676659516372
43,0.192556428724701273,0.307378509075615813,0.025251494481885042,0.055351315023340578,0.008761643700424811,0.382512659859217785,0.001425807761627536,0.004890345142393648,0.004419851154385921,0.012390647264192277,0.002504549765105075,0.002556748047110310
44,0.010500965350495215,0.008453627855481241,0.141908430606622504,0.133231167275077361,0.004122057337055261,0.003383717054373368,0.162288385492901671,0.245523050803733850,0.138591817158206704,0.065367213262997964,0.011228174578954120,0.075401393224100929
45,0.128927272129391923,0.049767046951209606,0.160809699100881526,0.124026345125084370,0.043491565887710429,0.020608043533893169,0.017262715061859987,0.294104753647136341,0.042410686318713690,0.014595458228712976,0.004733679108928888,0.099262734906477315
46,0.009751157494461281,0.008671623729844855,0.254574640019609943,0.118585340072865239,0.024626779878413076,0.003620367344786061,0.006368395992336902,0.223539496209334498,0.184773477119888008,0.125561769718675748,0.007171069117752914,0.032755883302031615
47,0.001796503612060163,0.001403000224295818,0.134427365765805745,0.108780775211078887,0.003890370063070146,0.000467918955032004,0.001115759192190572,0.589055851306146128,0.030214046424620673,0.024035619492066049,0.048157089987048401,0.056655699766585202
48,0.002266295047556776,0.002302764938033313,0.533607760762513039,0.093238283038450540,0.003850518146552523,0.001232649681833682,0.004240331470021688,0.258763858260701918,0.023153524310174992,0.021058368740399055,0.016471639755544963,0.039814005848217204
49,0.021767633107349488,0.012680037684770985,0.405852403554923469,0.071623430127092227,0.007893594177036219,0.005645386721855539,0.181792216283271829,0.120571508794430057,0.085149423022090678,0.056556382407332510,0.006164453201415620,0.024303530918431505
50,0.000597383281467360,0.001576994429093909,0.004477517900751581,0.006843531314306104,0.000821798209315439,0.000345857885652335,0.002051066384273041,0.018678495091464489,0.048042638060253676,0.012812500736387998,0.008986664972655085,0.894765551734378883
51,0.332594838718388852,0.084151178850529959,0.053391583118519534,0.111053624810744878,0.032736198508537248,0.033537962890842793,0.054331746853286352,0.090388422289238088,0.048098519914926571,0.022557548756441219,0.006776759164573665,0.130381616123970423
52,0.058312481861369878,0.268497806891991542,0.003863073777098639,0.040945949489624399,0.007431843656585245,0.363229318563377257,0.000747843580697248,0.004434181988357819,0.016391498847093143,0.201896211906838180,0.031381611242246206,0.002868178194720841
53,0.119760708910346028,0.073687659122289181,0.059649243115591249,0.162146028799375730,0.040159175474304698,0.147365209547441645,0.008299192806676866,0.029878609458555003,0.112225310775570589,0.128601765949590940,0.101700994204175166,0.016526101836082708
54,0.112274220741679309,0.118401441855974121,0.007075064775183815,0.155146283168506816,0.029922888245736728,0.543964104950761418,0.000732043903091277,0.001546811615660795,0.003395690786537820,0.022263315024466813,0.003796542381404589,0.001481592550997003
55,0.120212942500617884,0.413977995446929925,0.040778283492635944,0.129349026502491277,0.010975296380247376,0.026372270527805598,0.002374012806339424,0.090600712381704668,0.031355304240206716,0.088617178141935579,0.036931354390509832,0.008455623188575548
56,0.062819907295555810,0.341968659837034505,0.005679730131452806,0.092367583000915701,0.006084993925403763,0.475490291368665219,0.000618854086830466,0.000529914810587995,0.002821021239686111,0.010443794494181912,0.000894168030456642,0.000281081779228727
57,0.190416610203666237,0.207252250588027348,0.024633679602693408,0.244759282119196564,0.013930812597663812,0.169283188611358298,0.002156355568271435,0.073732504417207440,0.028912881485920805,0.033435912463695108,0.003901374551317686,0.007585147790982073
58,0.002228646967827862,0.002596305760712505,0.045729505058073897,0.033241671167174185,0.003955149410782999,0.001247599863801852,0.002078239614515341,0.106560842459556437,0.316220657594074417,0.149856025957455480,0.039945755142296577,0.296339601003728581
59,0.011254204200056473,0.004943228977718665,0.081752817854266774,0.087216249504493873,0.007600907464146479,0.002865208792483553,0.341408612688463953,0.097302596560850010,0.078643328994216555,0.034002341028522280,0.008297503083592755,0.244713000851188689
60,0.035778917508054543,0.039430578602062380,0.019068987447485169,0.012412667626021803,0.007058649589802468,0.004820016828861706,0.001266653573214360,0.003711772592973530,0.068621068210593494,0.165541734468021118,0.010505465656837168,0.631783487896072193
61,0.003443050534832951,0.003605799206909325,0.086116478788262757,0.267248818566193369,0.006429298687011842,0.001863653912757415,0.082081991942672475,0.198412923536398556,0.159992002790230514,0.133251472059116222,0.018448287084788004,0.039106222890826617
62,0.013219008738943761,0.013005028673609817,0.144019532342037571,0.116169353521096197,0.023760857049204099,0.013143869692528789,0.001172580050556831,0.162122674040506343,0.173263078256616271,0.301704023166693647,0.021073980401073538,0.017346014067132778
63,0.007651781379989178,0.015820698899500184,0.031664973306618500,0.028108651283698112,0.004705895830543368,0.007101850762765241,0.133406455104942978,0.052053796761085958,0.052135512634112022,0.033729617465210651,0.006626453501353137,0.626994313070180720
64,0.439851176338960148,0.184313857229143868,0.048018727502246616,0.092908431552838899,0.017211076460746266,0.112990410424954973,0.002670440700228686,0.033913267506294718,0.016864145724442055,0.042758644707772547,0.005449515386020531,0.003050306466350795
65,0.002705748453353181,0.010867074942373593,0.042174583838517410,0.045299403414360277,0.002897200646853326,0.003612891266728935,0.000586321927437932,0.009137632429770693,0.022601950071223984,0.052424215109418408,0.805536872415946847,0.002156105484016128
66,0.010535407407395799,0.031422608721204184,0.018839296943636601,0.112591167983827858,0.011170161040317924,0.034365723645028941,0.001011247373333112,0.004263307641521003,0.062388240482001360,0.295676988316119493,0.407111266129251637,0.010624584316361938
67,0.002218699783066739,0.001873050590008202,0.269194023013522854,0.051152083449811057,0.004243244506258822,0.001317038894172832,0.002361126680716313,0.068049721672955268,0.087836190577383400,0.363444452416477659,0.062506498039980582,0.085803870375646268
68,0.007088331043982892,0.005420914707035167,0.442189847133475256,0.057096694918500168,0.011085479239529081,0.001784137379059145,0.003096590135080972,0.387733003717377733,0.017074685328173328,0.013905487387778154,0.007625389747196330,0.045899439262811759
69,0.038350629126512624,0.025633284945780894,0.115718995940494340,0.271367000327048413,0.014731887152371854,0.006351899978357184,0.005568119978895531,0.024277073839540048,0.252993440625052357,0.219165419067152062,0.011824183675130998,0.014018065343663663
70,0.233628436363805397,0.381599062368566111,0.006701309505383579,0.030479193138823243,0.010559481628277932,0.267857378184731654,0.000820349168507586,0.001658232823624745,0.008926261769025209,0.048870315042625560,0.005330797689685629,0.003569182316943521
71,0.092535466875515962,0.063697741561541801,0.020920451004206916,0.084068180651569666,0.018587184787938308,0.013818987707377732,0.002557431036369612,0.026184111614434180,0.146209554292266175,0.225328519135728766,0.054670105549446499,0.251422265783604104
72,0.018147740736311681,0.005503104999536955,0.351492376562184017,0.088376834061053899,0.046067181830422410,0.003796731878971854,0.001842764555486538,0.052572346043496823,0.045949057656411232,0.174852370128094126,0.133783286707987281,0.077616204840043113
73,0.016904257958157452,0.005138162067348687,0.066256249602990522,0.087988134048247804,0.049377742807933563,0.028397176747977836,0.002380194839366934,0.013750755726389797,0.077593543907166981,0.398207341977134532,0.228564558541139357,0.025441881776146962
74,0.043661236755644560,0.020081855254378542,0.032974218581155838,0.271354682350939291,0.008718392243577462,0.067493792104319106,0.000641035780574984,0.016330414094992536,0.041128132057342448,0.362633384141753501,0.132021347184160420,0.002961509451160990
75,0.246138349884857138,0.351514909743813220,0.032444659591627893,0.114282598017538692,0.031181620065144633,0.173677839643206294,0.004053304641612963,0.007769518531700256,0.009304710368285604,0.025068500832722506,0.003242243699558444,0.001321744979932674
76,0.016873910930859385,0.009966671666922462,0.017957568709651584,0.020066272087924487,0.006620367992446127,0.006184408611900402,0.866148725036027911,0.008629281000966268,0.013157471896685766,0.021472101465259064,0.007537376140264845,0.005385844461091628
77,0.323179246666634001,0.132007796516045439,0.017571122154136764,0.252052471357919972,0.041944648022378031,0.177289302548571448,0.000839748664361826,0.015720575648122702,0.005890445124020901,0.027517595250436785,0.002747518554035095,0.003239529493337327
78,0.008487374411055820,0.022162126649201360,0.069460766328185167,0.046142875273008303,0.009069074192151598,0.003694221394720484,0.000860389840628648,0.065509751235149502,0.459342971140067391,0.135765153040108416,0.006161186000824484,0.173344110494898895
79,0.068202601076759808,0.049033221586073504,0.128751744184765066,0.195474582767438565,0.020965487881331950,0.030914597367016426,0.009054423342513763,0.088678263821327361,0.315723508954596943,0.058438714790905552,0.023358720109338524,0.011404134117932349
80,0.067893971428830913,0.022371662811497613,0.102038271588461016,0.218331504592240183,0.022791835879275368,0.023103290268688677,0.003530340562758813,0.206132760091306266,0.179470777051507657,0.123863168367726220,0.021769462533949076,0.008702954823757618
81,0.035853360981372512,0.057701885229111273,0.056002060728746958,0.046870610952408631,0.016533653148492984,0.011893434638461159,0.002511508949537821,0.179336702709482015,0.398012175437001292,0.129410388797642717,0.005672555683555164,0.060201662744187756
82,0.008682983261207160,0.006847758908931438,0.066409665737934512,0.136271875399390840,0.008946001631887456,0.003631103818971394,0.033909717462990478,0.614104690973509948,0.073322902743638702,0.008511344821061128,0.006081109819443336,0.033280845421033593
83,0.399007327645153786,0.120455212430910633,0.042680719476519767,0.090141181355760658,0.010939066941779230,0.305393844724984098,0.000728551484245266,0.005394094292537379,0.004471183800488162,0.016609779388623673,0.003086204209072204,0.001092834249925247
84,0.698671300542639928,0.070145948214738532,0.044917367580227602,0.046778510790979257,0.014057620981361272,0.082012880538789801,0.016747864432690364,0.002663595473534248,0.010872372613638645,0.008964946422984623,0.003280166782043275,0.000887425626372404
85,0.058979746805711622,0.165866605216190233,0.003438854027335882,0.049065972399488074,0.008535632707653534,0.681413149721438405,0.000288737036083224,0.002172531773456981,0.005065463861334020,0.020327656868015173,0.003311214738072873,0.001534434845220115
86,0.208095308252161965,0.130233837499360461,0.039083724104502199,0.127880238061808621,0.016647273165741650,0.342708340058794747,0.001192672786189606,0.012827976883029018,0.025716695441754228,0.080070901727261584,0.012746135170764976,0.002796896848630898
87,0.242987068413088508,0.086348070014152997,0.002970594941158409,0.069021799783569107,0.006289222998037493,0.580837225487770836,0.000564890534998363,0.000863687537493615,0.001726098084458606,0.004455583166797280,0.003416754453621251,0.000519004584853567
88,0.006635193282563612,0.004635044295557196,0.115228705639893375,0.059637003198623209,0.005726065589766403,0.003375149303710183,0.096547358006538103,0.073438220667176243,0.388182811261675920,0.072928938187036760,0.035732639598034473,0.137932870969424415
89,0.463560632210345824,0.151441634085157817,0.023407816182708627,0.065530677241962959,0.065617659347312896,0.058402567809071729,0.058422057611540665,0.034169148747146848,0.037303474405951949,0.029517205750368758,0.004513141901064401,0.008113984707367383
90,0.010143771270732852,0.003689441053346377,0.026306604282191837,0.041861457021496226,0.027288391737024995,0.018089395554052552,0.001849795462672225,0.009332499889218714,0.059641168538131201,0.367810396091742597,0.356070001850474716,0.077917077248915750
91,0.001176654119688327,0.000255653452282565,0.003622022351483972,0.002173487963712984,0.001535451888272197,0.000275828792346215,0.984392769096975706,0.002534114457906196,0.001066430650893539,0.001453107151127609,0.000332069336894959,0.001182410738415943
92,0.060737157304890876,0.426287620475290507,0.002526749665439672,0.013976739537130849,0.001728124875893539,0.488591071580389169,0.000163066445701375,0.000296048980731468,0.000664274833626871,0.004491410093755399,0.000430958257006377,0.000106777950144008
93,0.087481844330218855,0.018922742817234370,0.173390034018486572,0.173312378319945615,0.040860152847197691,0.009982309476407237,0.024902668411712126,0.173578886336610949,0.134894241654035490,0.057687114761645564,0.018135119483788872,0.086852507542716853
94,0.190051947032559787,0.013752951147073842,0.088341604870517051,0.238847656862690882,0.080703549296187213,0.010026966527438829,0.066525795165009047,0.202229341111604261,0.058384037572929301,0.021768496801376276,0.005305137730848604,0.024062515881765483
95,0.002938310174347581,0.002683788108744607,0.489014815273043746,0.082340454568584381,0.009156560003295323,0.001701293162192678,0.004316878879427727,0.239802602739461496,0.024131266244000884,0.015229071559584978,0.021158117240727341,0.107526842046589466
96,0.032799189542285861,0.037273179703548903,0.017148881508251435,0.085203220520142009,0.026564913510516566,0.175126898633754607,0.002803529278873411,0.014303472955300571,0.119742962762205765,0.439288722063798209,0.043797352727920694,0.005947676793401987
97,0.034786832142152203,0.023332278126353845,0.132250857580295339,0.290360088103856828,0.015637209400370021,0.021261804937959126,0.120484012141280183,0.140097395066788727,0.091408863929978879,0.048947328093078779,0.051691844084514653,0.029741486393370899
98,0.523518681239257599,0.326482624926894227,0.033037571805762993,0.052250753894132071,0.010380252022962021,0.032263777138537585,0.004065260054854777,0.009425814968523280,0.003424229070458769,0.003057485418807652,0.001415446881551499,0.000678102578257983
99,0.438234438577401575,0.120191941515690584,0.015594628858892689,0.225177879042549711,0.014612606941606999,0.117174473120188055,0.002331140944151617,0.010589565168105958,0.013240524830124086,0.037612811938871837,0.003795084075369676,0.001444904987046865
100,0.000571320985751597,0.000733841194989342,0.014237786257113626,0.008874193060637282,0.003565517036432902,0.000498276108569070,0.001594911835770542,0.031016331177253418,0.171159929344429362,0.068602310048480677,0.021856430502627366,0.677289152447944298
101,0.001981497784214327,0.002248040459044253,0.093622644708813568,0.068961282435531457,0.005909162804937649,0.001664922337738856,0.002136729062318671,0.464297575922705485,0.069217603134757485,0.105320874189751404,0.087505224122915226,0.097134443037271492
102,0.790931568388099970,0.035361047293192616,0.001634321909282645,0.007552540746534545,0.005336798264470995,0.156791095635613109,0.000229985863231436,0.000506551817215700,0.000231784121874511,0.001073667359269380,0.000305167193284246,0.000045471407930757
103,0.004040761808712017,0.003000504946333600,0.074410760117181285,0.054030084223072046,0.008647962341324969,0.001413373755177599,0.014265760626056133,0.152652459374563454,0.085060275441334154,0.084266016572574293,0.013948934909700913,0.504263105883969720
104,0.120513539051792948,0.139710672363036137,0.032506767823044486,0.085719173386675576,0.040959050604612253,0.090805347439370895,0.001818910914821111,0.003932671693657648,0.011020827945586183,0.232607563539283163,0.226155828529973901,0.014249646708145334
105,0.008761457452939669,0.002764088605424413,0.109924768409880275,0.115995150241788789,0.011980715478849080,0.000789499554628692,0.007301916221916016,0.679954934362663077,0.010921387588152294,0.004491204175407655,0.001891786642712776,0.045223091265637054
106,0.001829862895717441,0.001277002829306662,0.188290888240205234,0.041325869460204070,0.004449327893674276,0.000871680991443355,0.003109339913364786,0.101913941041621325,0.283501406268608924,0.050949424604694829,0.023139353782858110,0.299341902078301192
107,0.004007717655992359,0.001920086048669481,0.058973998786058850,0.044824703405230135,0.005890850878342063,0.000683769704425758,0.006290107090520751,0.120730845994034483,0.068500633324304824,0.021909570704668042,0.004819005322382003,0.661448711085371510
108,0.112497196510153885,0.204307854347576423,0.011682574182596035,0.078469034196105070,0.007639608397746886,0.290202905343833806,0.001180375923074602,0.007986347838715289,0.094681578900850882,0.168267793191778869,0.010247811563236762,0.012836919604331554
109,0.002448489452039676,0.001993729795106565,0.018882938947229404,0.049484601889539695,0.007237131995534091,0.003229583386688161,0.000573573781815533,0.043318639101332379,0.044143471081077558,0.718049504826090979,0.098986007360867531,0.011652328382678342
110,0.013655452190414741,0.010537188477747046,0.448263153595710506,0.162438150078272420,0.015939100817071835,0.004895100487475454,0.003854113100425785,0.056573897159708550,0.105969537697505126,0.110974106916013435,0.039868469774943516,0.027031729704711367
111,0.013493391377746406,0.012916862273277336,0.042609426839613371,0.080851120973906815,0.048183710807036199,0.016420084609339879,0.003700651325969436,0.017038615474118269,0.207974581743865961,0.457634376462503989,0.092562161609362786,0.006615016503259678
112,0.033299141833801151,0.012176872604473591,0.061747081506529682,0.043413449066472674,0.015115780746780917,0.012231165730601639,0.001662159084610500,0.023473478734929363,0.015104931471617287,0.048091501068341133,0.024198270416790846,0.709486167735051909
113,0.002175748826298201,0.002623732972845612,0.461465371012934944,0.043716422274323874,0.003282061172134975,0.000944521419236876,0.005032342781362726,0.430202380967117382,0.012284279273176836,0.019126721157799727,0.008265058390677635,0.010881359752091768
114,0.055581522175341715,0.383292819506595994,0.011544236430497295,0.058453781923718501,0.007732830053640545,0.327960690186670900,0.000913990917220775,0.002275700927694101,0.018944054721172891,0.091185061387632577,0.040397419103803713,0.001717892666010269
115,0.001727738760882967,0.001286697162296524,0.175252341366836345,0.138789554845576119,0.010596132300494348,0.001131366393456085,0.001608294922476777,0.322741750848348830,0.111092631293041130,0.087800323348619966,0.088992174764898471,0.058980993993072259
116,0.002884480161408002,0.003514617803617395,0.426264715396291183,0.049860726493395596,0.005275294150313249,0.002068092784961052,0.007806748779518292,0.089514507919744010,0.198076901138108857,0.064243438237025607,0.076670206983945666,0.073820270151671502
117,0.654144447232770987,0.109560952542597720,0.016573137474038865,0.095740498286986830,0.016605089981081230,0.095083790739958401,0.000937244396358301,0.007195208535278629,0.001226631522050462,0.001724312906198890,0.000806575159593086,0.000402111223086343
118,0.024467637204400372,0.042910265507014586,0.085426358264779248,0.223800973722369984,0.015500725041562568,0.022320441151555796,0.053490731276674294,0.180037515275567050,0.177183562954009471,0.112626265635282649,0.023120837735820587,0.039114686230964257
119,0.010391821922732875,0.006880708749017629,0.166755047803522988,0.158492743496554095,0.007560277681420220,0.003409397137909133,0.212478913986008572,0.338125935807895073,0.015435217622332242,0.018205429539207705,0.004532822863399373,0.057731683389999337
120,0.803331158038967375,0.081179909529420266,0.006154890437078974,0.038717245393935618,0.009195940529799305,0.049819585300051372,0.000881227632988813,0.002604880851373895,0.002085989345922249,0.004575337175153930,0.000986385599235026,0.000467450166073416
121,0.017362393582557659,0.021273057663097394,0.034490161459983161,0.125082523564877784,0.017654067092879699,0.043264443163563593,0.002061117689433081,0.296826011468627193,0.031933581722111581,0.165446884955653850,0.219348665931115155,0.025257091706099379
122,0.041491451164031037,0.229884952751183952,0.002103953237683599,0.009130925005313584,0.001741486746224621,0.699925773264079343,0.000240556734881330,0.000139309741263433,0.002446710711462288,0.011880408436742830,0.000609827665052159,0.000404644542081967
123,0.084070962926915196,0.012948427403772715,0.111106187863994288,0.420241501634924186,0.023868729173375014,0.002345811072368810,0.004848350333439495,0.314862019445383390,0.009772217711108458,0.007459706641637598,0.002765687190114317,0.005710398602967034
124,0.017290882905706535,0.036233327359126231,0.013862580453879043,0.072987625791366403,0.017169771104454015,0.246672596595866350,0.001984388335607876,0.002812366132093014,0.117981073618397575,0.433616134630427696,0.034740001118031202,0.004649251955043591
125,0.003505146747705481,0.004582751522490385,0.023837969468605308,0.051496869294084591,0.002929770891459992,0.003091558289558687,0.000702346565688700,0.295469500190093826,0.198551048483679743,0.327120605726679559,0.029796030254037684,0.058916402565916140
126,0.021454353809140996,0.039025737558336750,0.006520336179298776,0.041927417059037318,0.005675388913009154,0.068488110941181485,0.000818337561270936,0.002751542431695524,0.049766574524511699,0.734193714663335717,0.019509699138895577,0.009868787220285712
127,0.354831495826456011,0.539723788211215139,0.005702074134229878,0.013914657207628476,0.002130723781234194,0.081263465720854619,0.000303594888845986,0.000668109407326731,0.000394752937900233,0.000606112403159604,0.000235437533054710,0.000225787948094936
128,0.008894222693891281,0.005897968642013187,0.167576142990807503,0.049761128416998014,0.004181148387435327,0.001893776453054298,0.003395075605817973,0.297693581301012200,0.084428597264266075,0.121694858017132090,0.020883194292382400,0.233700305935189562
129,0.007960293729211101,0.113512203098460010,0.010169019629862211,0.210384697697296619,0.010733873855005818,0.126764909396571590,0.000829175043128977,0.008322764635578623,0.014602594948537917,0.322008378362494962,0.171931139739386646,0.002780949864465125
130,0.222986925315862811,0.206202533026309781,0.060183724271297520,0.177024847719709250,0.053027524830796584,0.071401997446468274,0.005043946185413732,0.030323795479332585,0.045386636956777276,0.095833119403045966,0.017084323761149475,0.015500625603836547
131,0.007467313897564854,0.006545857387475033,0.077725870919617523,0.092906008793949779,0.007679405469779443,0.001684708088253783,0.003753164207956723,0.530895293569005999,0.037559607463387101,0.018195748054684338,0.017478001274197002,0.198109020874128600
132,0.122687338233178483,0.351259813869500115,0.015447032024540376,0.259131156273652574,0.053399251954275459,0.177044169825521985,0.001139932675396738,0.002633196333467592,0.006176862527364634,0.008034047025052756,0.002428737062783954,0.000618462195265230
133,0.003527182072816206,0.011076270734051544,0.094369049290142601,0.040935068803491063,0.005755021309069176,0.001536147087513366,0.002454311690172774,0.773269602202789730,0.020306936809670266,0.007509016249787700,0.011771008393900452,0.027490385356595197
134,0.056141841956409574,0.015624830752567518,0.014731292310824696,0.026633331923807832,0.012119892350239190,0.011331189864119556,0.826716570980651100,0.006722109902488775,0.007295642532802829,0.014996023450080149,0.003925103646978705,0.003762170329029609
135,0.068629125198447952,0.142561717817298955,0.020396562615439685,0.246584563135510859,0.024100217186896582,0.414964446781268204,0.000666191956895932,0.026945726880601161,0.014951123553037156,0.033066826452228672,0.005113602919446988,0.002019895502927431
136,0.001180425383279538,0.001067020193762110,0.070013988007136013,0.031487164250583129,0.007000827374990573,0.000861987348363369,0.001000270091696205,0.102588634343924304,0.178374542881990394,0.369949053905676339,0.126807394215134817,0.109668692003463394
137,0.104874733158265246,0.085175587078218040,0.047421764886244694,0.260170195778571200,0.393907623015340269,0.029921020117333236,0.002838887726884160,0.009470501015628510,0.008960814451528248,0.035894774035235243,0.015494795388751361,0.005869303348000396
138,0.069031962738148420,0.075195376955782697,0.114393855300103361,0.124682412504854290,0.018569949894790803,0.020443416671016994,0.003348834299412649,0.365940974269473140,0.029362862450759187,0.051253961252763533,0.009539617752050315,0.118236775910845054
139,0.667784130138883714,0.172992350420436952,0.020369285071061626,0.083262629887699557,0.009814656809516395,0.031411081360435682,0.001793208683914039,0.003897529167427083,0.004522662062727448,0.002670106035627865,0.000875117818002582,0.000607242544267503
140,0.160845847308802331,0.133427119808161604,0.103768420305147102,0.256021081649914661,0.034186894671752663,0.048511048438940857,0.012518058201352622,0.020052994633468674,0.115146894067774674,0.075226580856673469,0.023658392255841425,0.016636667802169137
141,0.098879918348673226,0.059295802163949404,0.015932551290017825,0.592020531858150068,0.015569020715877888,0.166229893610146812,0.001238152621225498,0.009044684801695166,0.010634936405531896,0.027775092008162843,0.001855334955235847,0.001524081221333854
142,0.012360551724093838,0.016802535795624039,0.145601207024289775,0.329330138937733385,0.011758379203435254,0.004145171445100870,0.011822447031794506,0.200389074761926328,0.088718837427478631,0.092004081538720264,0.024135996705455423,0.062931578404347696
143,0.001025204436125703,0.001167939676481164,0.008398982073393036,0.030867203026320886,0.003720777797712961,0.000519514388705107,0.001240235892159143,0.003699724804942780,0.576595585901401697,0.283169826649702139,0.027076722156325794,0.062518283196729293
144,0.012775284976228219,0.006938580694803842,0.115176418683513040,0.064244217806991813,0.006299200557981529,0.002103915017397690,0.027245013833645942,0.041147044465823818,0.487096064767727654,0.178416693735818949,0.029055414575419044,0.029502150884648151
145,0.003173557447955569,0.002011168400211628,0.062304303355904610,0.156216326288705937,0.019105282986005327,0.002008523276963819,0.002024499044858648,0.087093326273855853,0.109918457113888798,0.194350221282703184,0.288849211028254282,0.072945123500692086
146,0.005907606115078546,0.235669155672110692,0.041304044127458785,0.115348891495938355,0.008940306315723508,0.044889237096625935,0.000975867166569403,0.003687300595194043,0.021019914839651207,0.250897599557356077,0.268997640594082210,0.002362436424211393
147,0.000314670334534707,0.000220521362224637,0.006253329020235316,0.002154429921021979,0.001476407682354133,0.000044145115318940,0.000464380047059887,0.011067718053773122,0.011583441327555601,0.005740377441885471,0.000710364021130513,0.959970215672905747
148,0.036495402037573330,0.094284948364924168,0.037657124650045469,0.106483054604446806,0.089245167025363961,0.381357914758586880,0.002976942215942413,0.043752908200518331,0.087614668169935725,0.079047373640025384,0.032662638189821971,0.008421858142814839
149,0.680526014710462479,0.065664233161447400,0.008820458269565271,0.051973848104725669,0.007949103877113140,0.097000221925872002,0.043356788333872215,0.005998664941765000,0.014352550662530951,0.020791513487372498,0.001996188793888701,0.001570413731384996
150,0.379594886383505581,0.231349836577324414,0.012072019154940166,0.223253766712976420,0.017191505640680182,0.118342864091548886,0.005268488364984582,0.001849225540099660,0.002745820178379930,0.005785172078376984,0.001781546145332946,0.000764869131850256
151,0.350442757345824474,0.081659203000233022,0.044022248908638643,0.265118656117988682,0.024560824783027201,0.082233149117277457,0.001523161085177833,0.050749815839670143,0.031627213739854929,0.052329112396199536,0.004278378475892992,0.011455479190215830
152,0.001446945004077992,0.001251652480615638,0.018016284925626465,0.012589380250262841,0.002514800613672162,0.000832546076790011,0.006543134024657173,0.037433151071295953,0.700981144671684264,0.050971303713730341,0.040144449339161115,0.127275207828426468
153,0.370482872638480287,0.062730511210678103,0.066222539505904940,0.275379672588628055,0.057577929799761111,0.086656264750762033,0.010102029994531629,0.010183533052085282,0.024552406032563784,0.022554861018727047,0.011067317962479362,0.002490061445397781
154,0.179343060129523335,0.275585752584932786,0.068524551532412187,0.117039657841758446,0.026453556907305425,0.090070841926563672,0.035923783240602990,0.135967247860243917,0.021454599183893697,0.030902646712109381,0.007384848903611439,0.011349453177043004
155,0.741150438397245370,0.027176099521620079,0.020496027395256040,0.090324107618484903,0.021972909433170474,0.040661551434796876,0.007504419952721406,0.017147626581224994,0.025381054782691426,0.005081218718215476,0.000913161682550483,0.002191384482023058
