Id,chicken,elephant,fox,german_shepherd,golden_retriever,horse,jaguar,lion,owl,parrot,swan,tiger
1,0.000080105737167862,0.000026147460382598,0.000830375261038837,0.000688970489532540,0.001154024757600527,0.000022174623939845,0.000342412775694148,0.002004257079653847,0.018049135587078411,0.008398486005399429,0.006330184393741127,0.962073725828770820
2,0.177037812854426324,0.197516532863398403,0.014412865402364937,0.074619161222028094,0.182144254296974201,0.060171902147348806,0.002676855160190979,0.021016278135998906,0.038610321062427622,0.145227387604455221,0.084724534934660756,0.001842094315725776
3,0.030437512724135220,0.050002428501908787,0.001196593992758665,0.030996577401802904,0.018007176763901424,0.852841524676266838,0.000153543633984167,0.003183694385792515,0.001048472520180455,0.010864230161776149,0.001063094171985799,0.000205151065507043
4,0.559504743228962043,0.306401560345855473,0.002260639888266066,0.071531547118927882,0.022099148717284686,0.032323185980441545,0.000543389955446892,0.003871807463175158,0.000440983720591004,0.000623710899426419,0.000182977280911129,0.000216305400711802
5,0.118197396498313415,0.030017183951346983,0.028062773026471210,0.297229905947144324,0.105655829948477401,0.007529601140305476,0.004783325936826618,0.079342283181321485,0.209722458336667694,0.047649117112707959,0.010070416443758638,0.061739708476658897
6,0.134274005170816946,0.192368203933254878,0.016137670050211644,0.158184306401844249,0.092180637800816922,0.056351167975497538,0.008718247319398496,0.298944114129080118,0.012726263199273542,0.019343381439133858,0.005146760553371032,0.005625242027300665
7,0.244151299706314995,0.193673874273428109,0.006640498399394397,0.387335020517243334,0.015359982089126260,0.049039100690283777,0.001601757052825733,0.028217779168788360,0.026995951031904466,0.038791346922208030,0.004860373334534565,0.003333016813947983
8,0.000827350254987376,0.000442492023826714,0.010281861729786656,0.020142979684474357,0.007076220692617862,0.000696248017630785,0.003081911371400697,0.068539731726560513,0.052776614190479174,0.577665962033728997,0.053610346173342559,0.204858282101164302
9,0.029787630084096541,0.179566854999736514,0.001550445850442655,0.100757564135867686,0.146406489415107838,0.519194150951805433,0.000282094574392940,0.001235214043626257,0.000932815206617859,0.016446449669061797,0.003585590803362494,0.000254700265881915
10,0.011656943777596162,0.004630111473265072,0.029398552731137954,0.057278856505099639,0.032492386249142129,0.003215660318869804,0.004896703334572232,0.243954309048811213,0.148549175408398598,0.273304986127215821,0.023690775033899387,0.166931539991992201
11,0.067419828295252671,0.019670190630636963,0.005195294334392564,0.274386842835445288,0.107520324179149154,0.057311040142513224,0.001428970545544837,0.031516121572917694,0.027553212784324259,0.364340316660681618,0.037968708492223939,0.005689149526917669
12,0.011395982564093849,0.002684175086704748,0.054064020710669507,0.113635906418446272,0.032492769859019645,0.001034563898462125,0.002199960750374130,0.490508586020070636,0.107635053927427976,0.016010525726856156,0.008213940481355188,0.160124514556519743
13,0.038143053860566573,0.043552286007016626,0.007136414167570681,0.136037622248089907,0.040817542163463665,0.043344966973044102,0.011666335944674611,0.243348514463522791,0.267151534322114248,0.096715252507691460,0.025786118760609881,0.046300358581635490
14,0.000461920584574413,0.000353194498542847,0.010604426789788745,0.012259976974179122,0.009881396728021009,0.000555302525390379,0.001147935517391217,0.013210345306433492,0.207735215108117849,0.473436974384314979,0.068280652416545407,0.202072659166700530
15,0.013543812143576164,0.002747102843402862,0.073672417312878616,0.039498327289178389,0.008124402874403575,0.003674267724656858,0.006508102045692820,0.549165052562022082,0.044237516121553189,0.012889282141187664,0.007896176667749595,0.238043540273698145
16,0.161859976116838472,0.253731875393510220,0.015014752693607131,0.074637430087171483,0.017735595453459801,0.012716671015397021,0.002341179841666815,0.166523711282478698,0.121357007354824686,0.114563264584526286,0.022086878305742366,0.037431657870776805
17,0.013740056978872581,0.007017185497452057,0.084385525827731539,0.132173135738050451,0.043911334108517726,0.001726918179373808,0.001561292978177574,0.068246535408632888,0.023902552369525303,0.409963488759290173,0.148437932123040184,0.064934042031335820
18,0.051034152013827876,0.105494705121519025,0.012663827904991046,0.164956655308934247,0.169173319686046819,0.141811812466660359,0.002317366338066330,0.133746331407102848,0.041338623452112443,0.092869864845533709,0.065326409922651638,0.019266931532553582
19,0.287089025842436452,0.214439742813977763,0.003298632364255297,0.182860022459337052,0.064634322563703550,0.236105508087011751,0.000477240252817441,0.003087065003761773,0.002255647652810372,0.003162432565156208,0.002322235928119479,0.000268124466612664
20,0.618017051193601952,0.054679242661311245,0.002935176857376962,0.125194478845238599,0.009426672666278828,0.165829927847780445,0.003355987699007119,0.002146036258943666,0.003364112199649320,0.011746544623077216,0.002567521252886764,0.000737247894847843
21,0.447965845435444598,0.043915362489665107,0.010525122248064803,0.124650485314222986,0.134681836898755958,0.139470294759255764,0.003087708816843034,0.024788315098625471,0.007849271932243022,0.040432025480091775,0.006923072200988826,0.015710659325798695
22,0.014254789376329850,0.027642736329261345,0.041301879452136675,0.113294841619981254,0.020487610526233362,0.003242955595501854,0.006827201173961165,0.493194630577992843,0.104637868717671764,0.095214734190771602,0.037044332395470073,0.042856420044688252
23,0.284035487142984211,0.425531228721597543,0.041093497739356583,0.042307033098756816,0.008975513146126119,0.100551649616728994,0.001590459451459400,0.006469341915255777,0.008701344561141019,0.026420279394359879,0.053328021771609835,0.000996143440623688
24,0.114095960011055944,0.494233898936860983,0.005902126332609776,0.032656685137549803,0.051032468378121823,0.260016768031912704,0.001706558232569758,0.008791184162758208,0.008861709866868390,0.018425314541205141,0.003061674204454694,0.001215652164032915
25,0.003705897180098026,0.000923991389303119,0.011516274762278131,0.038986041151437126,0.012762644962746462,0.001768011659148360,0.004124223880280874,0.065436213510903923,0.059870553774332508,0.083385440984300882,0.010225924097417028,0.707294782647753473
26,0.182333997306343920,0.424235505037851679,0.001064877136650331,0.022597785138950752,0.006838357930505295,0.355571202716695123,0.000910144265925923,0.003096066195540737,0.000677451630647305,0.001428720607803428,0.000723375403550000,0.000522516629535451
27,0.342972089213115450,0.159375486350811779,0.009812465423021168,0.019502617866163547,0.022348513479459549,0.423572683341208511,0.002111392981552261,0.007212554582720650,0.002546208650332704,0.007464868643362834,0.001315886571003506,0.001765232897248352
28,0.969125157978059981,0.001829146788247776,0.000233519242092689,0.009707138647023647,0.015225434123461147,0.002763493038269804,0.000644537342667818,0.000273346000291409,0.000089717959808508,0.000051011312918139,0.000028788291672980,0.000028709275486297
29,0.100383318577404665,0.330852437981089653,0.003180188762664101,0.095311583202708119,0.038889683745684300,0.049717504779599624,0.001480745651578825,0.024736170204568034,0.010936799040055373,0.321636520786315050,0.018592910101694556,0.004282137166637588
30,0.001583051715207822,0.004884979240606215,0.003412751318647833,0.011631943835626721,0.029239839983207571,0.005535100630409926,0.000923998311330436,0.020560839896240680,0.004862952306740129,0.031271347528678148,0.885685940272991634,0.000407254960312879
31,0.138054448916638761,0.017309567736916096,0.030203653527126340,0.176023238294379991,0.092015897210292824,0.037512234881218819,0.006309983964314457,0.275613092455877229,0.031623672379711580,0.079766698074761680,0.014298300004853918,0.101269212553908403
32,0.464082519208486699,0.124390618499816044,0.001379952176455324,0.009468102673111354,0.002900853115734105,0.392698969148430055,0.002085218590617410,0.001205000253736032,0.000544520817352673,0.000453310129674514,0.000210177898855590,0.000580757487730493
33,0.035757148423872273,0.028960813235824594,0.011753091739131387,0.294899853639627674,0.055793237105985584,0.051087332163711981,0.002124286647771922,0.011645557793359825,0.053178798494139597,0.201075149878001846,0.252462268378780386,0.001262462499793051
34,0.167540573818438815,0.032656840395178237,0.025748403110741194,0.300036274138784032,0.118256841484676689,0.151698395298039634,0.002284498612197111,0.026979424295702416,0.019841922835070372,0.098815820173068128,0.054202353363411622,0.001938652474691680
35,0.010448582557518028,0.003087679358526116,0.002984525338139394,0.071596000201832891,0.021228223646867037,0.004425650841986691,0.031891534853122259,0.012833101280368167,0.350110763224040944,0.413604025316505419,0.014947505771553056,0.062842407609540046
36,0.616205800567480977,0.070046291335046237,0.003423802453795629,0.049302655720237093,0.037283836448792206,0.193294307395927178,0.003961567989818645,0.006653480306503513,0.010965734087084501,0.005767264426154456,0.001497571237932744,0.001597688031226482
37,0.000517723677988561,0.000335861245437861,0.001932758813695582,0.005124889091713222,0.002409674623069421,0.000303114713405077,0.000383069889582313,0.001273204653527583,0.075903985404157076,0.423980164731397824,0.483966545104148937,0.003869008051876596
38,0.002415811728939139,0.000476630039703984,0.003008234514852213,0.004882247429227583,0.002123258481363825,0.000202732270261628,0.001765994634369724,0.028063615533489877,0.003935674042257690,0.010747030727232782,0.001837427903997912,0.940541342694303562
39,0.298412622310385900,0.513203897706793311,0.000218929508290308,0.011294848580144595,0.006183850199276187,0.169439495252023092,0.000087619355744042,0.000165734795513603,0.000215544815493807,0.000494294338383749,0.000214272911954410,0.000068890225996847
40,0.926627456890734225,0.012631244632356301,0.004956424093927401,0.018647944000231918,0.002711089456375018,0.013927085372164234,0.007095187642208623,0.002388374780808708,0.001873904829891421,0.005573218735373653,0.002873961457803073,0.000694108108125661
41,0.001559184023907585,0.001003494475122316,0.209071291460762393,0.029572776381055661,0.010830865804061719,0.000484957278562363,0.002098679446249271,0.607410970119697802,0.050353596757728381,0.055983922582598447,0.012110804463381707,0.019519457206872315
42,0.003948741343442609,0.006800309958428205,0.017568039455377538,0.151675631870473865,0.049426115570570556,0.012176766163027495,0.004643568611171584,0.088886451064793995,0.144205094927357835,0.275275925699503765,0.121869924981575214,0.123523430354277486
43,0.292794499451044743,0.281463126467267011,0.004371488957502024,0.061352062522400608,0.011825056422552674,0.324378163921726470,0.001099484058081563,0.005673986395040788,0.002516537199684122,0.007120616122142090,0.001042930257433604,0.006362048225124275
44,0.054546033053877681,0.023519941740644461,0.029688039034588911,0.104364418762943015,0.022201297878494924,0.013614809779483546,0.180696167526126300,0.350113432476332642,0.162077477370625639,0.023926710684080206,0.003235819453857855,0.032015852238944868
45,0.139248484776557185,0.012494340647033912,0.039536488713502869,0.130766338544771432,0.016307095268868955,0.006498335262426156,0.064131239870004950,0.507640217910308889,0.011876891719613982,0.010109449828059499,0.002735937371145735,0.058655180087706441
46,0.005348568864915994,0.001348180025203590,0.044639662959310038,0.122047980949177279,0.013499031544187056,0.001158759421642652,0.011917340270229795,0.308880243330311555,0.320783022963021247,0.067272444743503024,0.004837437805749196,0.098267327122748604
47,0.003983009202647672,0.001865617904744444,0.039087993327308890,0.025978642899008277,0.005099078960207605,0.000383389660173504,0.013432402241050587,0.613849907950109075,0.202004839203946268,0.016924084540645718,0.009642855994832087,0.067748178115325866
48,0.000827361366188511,0.000248689200681092,0.472264809801595742,0.020659941157246346,0.005742397783316883,0.000121137643701376,0.000704295520015788,0.466198022661305056,0.004294265235152544,0.003976149157937141,0.010818712303462347,0.014144218169397073
49,0.000616045966259202,0.000030659642031297,0.002004559383681596,0.002238043034766639,0.000842433152659044,0.000030787798459332,0.979623624742325450,0.007256985673221355,0.006098418003852687,0.000490264358285240,0.000062423263573373,0.000705754980884773
50,0.001566989263005351,0.000998513700600783,0.000613571390666545,0.001450903682122365,0.000810401786925527,0.000182977324764142,0.002455078740247767,0.007740952223577118,0.008797507090733608,0.011939071890041971,0.001139305182307360,0.962304727725007414
51,0.077912842594079698,0.005743112792882111,0.039093595214720292,0.054176349561030082,0.038986582306850315,0.007316447264594417,0.438993344418861786,0.154457043439658298,0.091216511391038840,0.034278465503577597,0.009666470925361863,0.048159234587345091
52,0.094543606326608090,0.405885850285389094,0.006428203016778333,0.092191835512283812,0.054482204173834953,0.131992989696601060,0.002439809708722603,0.025069251092125433,0.037115450168656729,0.112765035991083507,0.032172516723461497,0.004913247304454893
53,0.022738515756045356,0.016749314207204307,0.007068464998388682,0.183234961227913606,0.071482822710443178,0.020291923758117260,0.001583156606134687,0.027036207592401641,0.082950182198047062,0.397236291435906830,0.167615755820141321,0.002012403689256118
54,0.088614117278138976,0.015584049877075522,0.006440677191747830,0.223944494506507358,0.229987802798869684,0.329785749202353928,0.001477257033591984,0.008477725780294246,0.005665702785372676,0.072597614431647500,0.014450423545630088,0.002974385568770127
55,0.072696443013435766,0.098126145847179991,0.102721278256582185,0.054881732026239471,0.025915396870165988,0.042271085868136590,0.002948906330494319,0.447434064887123728,0.028068005979297133,0.084644755280280953,0.017765043864701919,0.022527141776361975
56,0.011398684118045978,0.189086248178826855,0.000057664852039523,0.002901364187728639,0.000827233724055314,0.793958070680670369,0.000151528480607556,0.000058820561705010,0.000111823292162248,0.001203188277659628,0.000223338672554942,0.000022034973944028
57,0.048592971579506240,0.036252796923678825,0.003194908582138163,0.211301389736992778,0.215529038504451403,0.058111095580603386,0.003417096343866798,0.050313367233273294,0.078395846614691803,0.243858992660708374,0.030010347765157454,0.021022148474931626
58,0.004638819135354277,0.001811821836870198,0.009016183919155884,0.039112344937293909,0.009159243053378651,0.002479357733028969,0.001132311722690956,0.027583312062402977,0.362917155039290451,0.455706236176865898,0.036074616573987146,0.050368597809680782
59,0.003128505306976137,0.000937973930864339,0.009036750145319484,0.025797159030863999,0.008451734533327602,0.001080631978266295,0.201566369130563944,0.091289387971061231,0.020692032626039109,0.010127205403333514,0.002817604226060684,0.625074645717323629
60,0.013762670003880921,0.005139554950709622,0.007846728406985084,0.009289405075802420,0.010790732350157076,0.001517528583782338,0.001649409211020061,0.016821366617733355,0.122525182181797157,0.162986478622631825,0.014678992797802017,0.632991951197698133
61,0.019252878198402004,0.027156184126783448,0.010794973284248541,0.225919648458196343,0.027893393883901978,0.005227674828753539,0.068576300585281399,0.491674350888232137,0.055794060676135578,0.033855083219818886,0.012712268892228901,0.021143182958017079
62,0.048512364713059801,0.033953257384704873,0.039359788059759059,0.148069956816199416,0.046869481986750887,0.020888053786795851,0.002105146898800703,0.314233762019635265,0.081133231309732254,0.180021220915612401,0.025841681598061723,0.059012054510887625
63,0.007221596602628732,0.003778173279784117,0.008185381167588691,0.012023314328313618,0.005511017781904923,0.002475923800711077,0.158144482670516617,0.081923772815196735,0.103790880425247381,0.024815731090349354,0.002344798505228533,0.589784927532530312
64,0.861023387717559707,0.031794682705844846,0.000265855973651723,0.013701821364197024,0.003298759524965743,0.087955491354942170,0.000678208548222522,0.000556668934205367,0.000190843503494518,0.000242002985019331,0.000207990542191851,0.000084286845705382
65,0.002358414844683800,0.002432123558579842,0.001586096425513272,0.018608760179721510,0.006440763023986996,0.001990685329070923,0.000224164582857038,0.002963849931573116,0.006650854580213221,0.023262804526597753,0.933285317904787304,0.000196165112415215
66,0.018317464586291989,0.108174351318447964,0.004947847986894703,0.115110400868766685,0.014027308079534359,0.201031860260358242,0.003001443970649303,0.005354160078762950,0.011794348505741374,0.045818223594294979,0.466290123716280869,0.006132467033976575
67,0.000779276928978633,0.000513235300881926,0.057647087036120676,0.010280758058857265,0.004804534009462001,0.000547647833770940,0.001538759480728840,0.035540109671211441,0.316107062701208252,0.356505829191710144,0.172984219767354980,0.042751480019715023
68,0.002541919994402256,0.001040481843035318,0.224510552021528198,0.034908429922240740,0.008372751161736920,0.000242821146812615,0.003622992375112529,0.644056974529091830,0.013568429021877090,0.007528256906803548,0.010867530011261849,0.048738861066097081
69,0.014537017814391312,0.003362309034696820,0.020236145990670133,0.273311589619284145,0.026992784850256652,0.002836378425587554,0.004430651034560696,0.070107658636285264,0.255510129621332238,0.252909487346788364,0.045543381209944250,0.030222466416202652
70,0.529973527575430037,0.113341507199088656,0.002378651518143860,0.013004483179369829,0.012505444428261143,0.313175690535449525,0.000604398933136853,0.002830139072972295,0.002704026471416806,0.004960146895389592,0.002358636663263115,0.002163347528078294
71,0.022571397290184168,0.015523003086132654,0.026327087270100340,0.069558265915131118,0.042211685512357211,0.005269676044562931,0.004765086934079542,0.101023864779679895,0.295518247962473390,0.138636291827041708,0.062126847597334896,0.216468545780922145
72,0.000697459171818727,0.000539644802937122,0.013331251884052318,0.005220933042733727,0.015215763142767510,0.000531951173837882,0.000857219828664957,0.086982225585045064,0.009332814760109148,0.271654230927381335,0.177413318179501261,0.418223187501150895
73,0.000478284365731831,0.000302711077953608,0.004805805112278786,0.005909349187180122,0.063518627603320152,0.001440824012823223,0.000455039663734981,0.006046500406508659,0.018341924104458968,0.253948724174253460,0.642880666796572298,0.001871543495184049
74,0.022234712840508698,0.006756330575021136,0.009874141442298666,0.092204189411362852,0.036290523386531479,0.008545757921676857,0.001052506178186299,0.006163541667482986,0.066401654982181368,0.255659533953616291,0.492971885456063519,0.001845222185069962
75,0.580437715303892765,0.149009664100292510,0.008358942929517882,0.090394825033527137,0.021038284810452442,0.106682851730432696,0.003866182773757717,0.010914952921444806,0.012349084369391977,0.011023634162582554,0.001649613929746432,0.004274247934961090
76,0.000000059325672788,0.000000028157779729,0.000000015085205074,0.000000078778161593,0.000000066238375505,0.000000016355500839,0.999973740886673124,0.000001179396968992,0.000002502394589978,0.000010735942622721,0.000010681360519105,0.000000896077930515
77,0.111075787040930254,0.023521029174888256,0.014868420627650493,0.404185325219137526,0.120753982428714990,0.094609242729137039,0.002438026436894458,0.066587614911137044,0.020697626232220805,0.109508085231075900,0.017196371572585845,0.014558488395627315
78,0.010120139911532468,0.002087580898596481,0.037628477569009014,0.013332570305993033,0.003998785021443089,0.000477077871879207,0.002055731093469642,0.064172021564909601,0.191285685644249887,0.054257786373115964,0.009138530284215796,0.611445613461585769
79,0.029744463317986802,0.024873664843650632,0.017697171791604759,0.081183285927677956,0.033510551037887047,0.007996516423440132,0.094198396511710220,0.172612860916293603,0.413851737075996373,0.094368946240926871,0.022780726244710722,0.007181679668114660
80,0.211346772385536064,0.044387059680727425,0.019046174209903184,0.137014963669086415,0.060090768756254832,0.040204413601232593,0.010536357644623981,0.114996569263937462,0.145115458669404396,0.169757148180875145,0.025979068125034508,0.021525245813383904
81,0.012901777159594367,0.012226986334228088,0.048838726881387177,0.087229110102410190,0.023519283626274971,0.004050694016475274,0.006281249716198720,0.463394516015861790,0.197827930788750050,0.032834439662658074,0.013750462697863310,0.097144822998297922
82,0.009718033987802126,0.009329465716193601,0.018274285857034916,0.074470459635837219,0.013675602585139101,0.003505651828142582,0.251500881507581930,0.573245028893375363,0.008372285213501860,0.004236651078164580,0.003100789611831581,0.030570864085395159
83,0.290688531660973248,0.285544801418607996,0.010928286391946648,0.152850136444378060,0.025416222022176686,0.193900892847321649,0.001892604836775900,0.021981216315898174,0.002296790675595455,0.009224263194459433,0.001799754965466034,0.003476499226400621
84,0.939874005850763194,0.007571208915641710,0.001447312805725509,0.007108692583846272,0.013804604981484822,0.013749384702438291,0.014076590158251431,0.000807129259335052,0.000960863455490251,0.000290122938042198,0.000105086200814484,0.000204998148166888
85,0.042768355030519650,0.203952767779092520,0.005097649665125004,0.064826131945741466,0.035588887091737555,0.537283908037605284,0.001551439302556266,0.009689309153761167,0.026825422742097663,0.060791769604890147,0.008199158427432901,0.003425201219440402
86,0.071472634612613328,0.033880377869205502,0.006392607990645431,0.079354786818092243,0.165966473643449186,0.119224969758934693,0.004467791788197933,0.019343955646474190,0.046646921408136477,0.434818424431537398,0.013972554859938641,0.004458501172775131
87,0.056440269521075365,0.319947249512956611,0.001299192110249482,0.095865560315799639,0.028401253612351830,0.472952363043858126,0.001735382200825583,0.007558420916098432,0.002881080915605463,0.007251842686567877,0.004109695231416570,0.001557689933194754
88,0.004349722337621488,0.006289070620294365,0.008355841297501410,0.028817195728697956,0.013329152343254774,0.002673936044619557,0.113796537722703178,0.097085547653145879,0.565025209538428275,0.038148298920492478,0.008775939663868139,0.113353548129372469
89,0.497938555530699378,0.065507178711274622,0.022544961686538960,0.057161888098837127,0.044755149003852947,0.149414097675934082,0.061217328323921329,0.068663404727487137,0.010356267673587360,0.012324418529339607,0.003077864786893996,0.007038885251633476
90,0.000887707912282771,0.000539389465356810,0.001764690587275638,0.005716014199476061,0.033964576805381730,0.003302545280592114,0.000581159786976216,0.003709418224441615,0.018399312172246184,0.737598403487728205,0.170513565875955037,0.023023216202287752
91,0.000059902827915551,0.000005958884432284,0.000024988129551222,0.000464949085203617,0.000426622552344338,0.000017719597341992,0.997965499411872958,0.000267855762396989,0.000319781100895412,0.000096273071638111,0.000048445123442186,0.000302004452965328
92,0.237019611168887978,0.329055158343596332,0.005663079025948912,0.163334964557673629,0.009164961971233551,0.213065656294989525,0.002297629192165847,0.014305035712334629,0.005100111775780550,0.014633484015415036,0.004376560800005124,0.001983747141969053
93,0.007210163491925713,0.001582433334576660,0.007797590064061957,0.013557130574830916,0.015211758677494086,0.001106710798330589,0.024546794014104596,0.025714768397199786,0.814827096113278304,0.056808756063002078,0.010953247582790336,0.020683550888404803
94,0.472613883309383309,0.011553643168012691,0.036498298384133585,0.088454252332336225,0.019604151035005707,0.011931077316689491,0.041010917300297364,0.261504035023215287,0.021281873595858893,0.005584033130702054,0.000896136211775768,0.029067699192589457
95,0.003049396952700630,0.001531147368466333,0.082473713934028650,0.080156532222338150,0.017340051283301190,0.001440547999492193,0.008359257522339266,0.136251879932830472,0.357943935413458481,0.077055723340610907,0.156998520155272270,0.077399293875161576
96,0.006287629222883773,0.004657188464515041,0.013245802359714526,0.134722986029106984,0.082434835034206400,0.015031794057066686,0.001887363784525813,0.025196719384276808,0.043883020922450576,0.498920371961552533,0.165648356648704198,0.008083932130996530
97,0.117687138885867015,0.059863380166683793,0.021395473210887674,0.207650552541539191,0.022596010582687183,0.062334966389579569,0.105623324062756929,0.340386054588429299,0.039239248483381103,0.009265075248108897,0.005558137914567828,0.008400637925511663
98,0.757470063375582647,0.129623049226292253,0.004781338592416639,0.049646640278028370,0.002845645468781430,0.032751562278414241,0.005330147105858645,0.014897223479794655,0.001392053392164240,0.000631784260549435,0.000201068188285364,0.000429424353832004
99,0.121019258451713171,0.048623306205353427,0.006977956984514171,0.503363192406074855,0.050367619440539378,0.125906470590863934,0.003388635568279236,0.019914712846019637,0.028531796056111530,0.082260958332232917,0.003853255567108243,0.005792837551189379
100,0.000135978930608990,0.000105121892079046,0.001126542462610873,0.000923653934152350,0.000842785108227844,0.000087205971612208,0.001384034154679482,0.020719649620588171,0.008808991127226138,0.058398852775518623,0.004473705824603055,0.902993478198093280
101,0.002558804204714020,0.004738064320630570,0.029687927632160088,0.024301727290585395,0.016128177341266373,0.000551070089211998,0.001337033282594809,0.831673594485578871,0.008243605396339915,0.013496252821709288,0.020696555230611435,0.046587187904597455
102,0.755325376221493983,0.020204888637532371,0.002783074813580842,0.054839141187406487,0.070958901693515861,0.087166236665309912,0.003314551820024735,0.002149618981502518,0.000790419038710747,0.001454390870822605,0.000680863141560972,0.000332536928539089
103,0.049405998855035362,0.032032066009134295,0.043950814808541364,0.148784673727030275,0.016958133894403166,0.006296228299697948,0.040067714109093516,0.325288247131727160,0.050833953795129887,0.059770493452679492,0.020516395767833238,0.206095280149694388
104,0.155184002015247097,0.205025409892369559,0.002639739566551956,0.069586888329294716,0.034376109548558818,0.416809437043478004,0.000879050726610778,0.002902658850583160,0.003896256115836275,0.067645782767766699,0.023981660165095918,0.017073004978606924
105,0.005398130886340859,0.000537677555502806,0.034017198769445756,0.047476177021468710,0.012698238622087779,0.000244456435198114,0.047386978564074811,0.804044033307059203,0.012176099508450128,0.002392601509279569,0.001973440799672894,0.031654967021419414
106,0.006517286016829926,0.002447782719450708,0.081553520935368537,0.038926522662070806,0.006835540840949427,0.002032467054493382,0.208399887396781253,0.177677101043122204,0.042466361499628485,0.020125217017481354,0.019968199383553018,0.393050113430270853
107,0.002824538602439226,0.000663021705182696,0.002375351108143373,0.012271399195476053,0.007738772664244614,0.000356887384055990,0.016767239614456975,0.041743731767538941,0.016783284756370070,0.010852800036746782,0.003041894701377505,0.884581078463967829
108,0.041220727690121049,0.070199579144466423,0.013312381707436828,0.077363084678606364,0.025875282000237452,0.253198696516082067,0.004357036857074995,0.048288529244030542,0.048787328934487971,0.331505706249169307,0.051676226452755950,0.034215420525531101
109,0.000631265288184193,0.001067561606044751,0.006075179156799800,0.011634363284300106,0.021953045846921707,0.003955290513216319,0.000625994391808014,0.012619260267158020,0.032169539902929201,0.842081183397475286,0.058221768222473221,0.008965548122689388
110,0.008747224455505099,0.003045403722231802,0.154184513723985811,0.206605371941239541,0.052161086363879623,0.003033942771652653,0.001797001683371810,0.080629482047699041,0.105923022507315320,0.250051489206423339,0.105832609626804131,0.027988851949891813
111,0.008362220419051217,0.005243435990014794,0.013672293300312147,0.108041673686490189,0.097324053793434187,0.018292963346789332,0.001326123234872946,0.023990228413400556,0.049882017559186330,0.543219388416936733,0.128236593848972208,0.002409007990539205
112,0.007463183178638057,0.000929627326330714,0.009055619279212638,0.031908185099172023,0.104729516281301893,0.000780464252326127,0.011712690448400120,0.028862699045334745,0.006978634681431588,0.064071913589561463,0.017084699826293865,0.716422766991996807
113,0.002350909025589458,0.001090117149744185,0.157807386265413907,0.025878173995358668,0.002904417141793019,0.000297522594157046,0.002898552337416507,0.764824381111669171,0.011091782086334089,0.011944462785194052,0.004617914983823415,0.014294380523506470
114,0.167741076252300669,0.342309223002656426,0.006735050165722637,0.087059746988630504,0.029451730089599139,0.302771393400771138,0.001040991985950757,0.001492857669858261,0.006759651158884488,0.012485816076901737,0.041201288366555212,0.000951174842168987
115,0.004203179227487619,0.001960700604135454,0.074666947127151106,0.215164833881644368,0.042614642856676432,0.002006185213065020,0.003529611047487775,0.368833446059997017,0.071020994738736493,0.089341003793323312,0.038757796271527242,0.087900659178768339
116,0.001423788013707791,0.001732841317887000,0.204784494482251916,0.025460617467614920,0.003581167895558153,0.000573684883023055,0.007437301995158065,0.595342737009721290,0.045817944666609933,0.009705993288251348,0.046134994539075783,0.058004434441140770
117,0.253671983851945337,0.056111714077549446,0.006255471468703562,0.443834421177955019,0.054764205165671716,0.127568206126864758,0.010660683072292466,0.027327923977096848,0.005628295722413937,0.007274475460876979,0.001566165775783100,0.005336454122846835
118,0.117088364444202883,0.272798504518405871,0.020576003900006318,0.106500156555092096,0.050428487427512582,0.121224355736314210,0.010545186186823850,0.238608573566944149,0.025112084864999547,0.013310067824785731,0.002740179517741755,0.021068035457171022
119,0.006707679708614765,0.001683043384730528,0.071920666537635597,0.066615210476232242,0.013422008098050588,0.001782239098275823,0.466088545034646196,0.290029944242920001,0.016629397870811129,0.006382346885297373,0.003536195088092971,0.055202723574692698
120,0.816429724901577503,0.042388736739591690,0.002729664694030462,0.035674682336428266,0.007901416378077708,0.081183724468603835,0.003426616272648705,0.003370014097929405,0.005166025243202864,0.000766672534227421,0.000419269151653357,0.000543453182028524
121,0.031792045709080223,0.059462681852335011,0.009963588206444204,0.120138584112293112,0.111292434065922138,0.068293404726664814,0.002770286435628726,0.333908646648517271,0.025974830791946159,0.170925565271418056,0.043285067151003012,0.022192865028747250
122,0.020128385695316598,0.115380212331054971,0.000592453501571708,0.031111143629564034,0.003566395731286548,0.820626994596920123,0.002192776183527920,0.000862765038122856,0.001465415244498860,0.002845370164504364,0.000528631173383473,0.000699456710248656
123,0.106944463957711830,0.002262517121376183,0.069013757484098923,0.494776589370901521,0.037857062915990225,0.002110725413490768,0.005336785141744184,0.266518902681047221,0.004418470009759796,0.003016520280981218,0.004752749313145792,0.002991456309752430
124,0.028164987503882886,0.044362203762612115,0.004552353425832529,0.066461247263455397,0.028454879619373381,0.465459327177474180,0.002069148265367785,0.004022424931731314,0.014634130964185423,0.218714034538449759,0.121172818589165315,0.001932443958469742
125,0.027571345760342668,0.029795571277970251,0.034447206324770489,0.181056342939663467,0.032268870430076944,0.025706470268451475,0.005838745217783360,0.150724537766042083,0.299060392122537155,0.087381871850472179,0.088951282580516780,0.037197363461373166
126,0.009308321567157682,0.013287515762037681,0.014933943472068171,0.050521319770681535,0.029866308507789652,0.036082231929471013,0.002178052344171330,0.006178291229474659,0.030135942309095640,0.738943289988849616,0.054635620036745491,0.013929163082457712
127,0.737898954834415921,0.123759520604102932,0.003620723991022933,0.043724340919359485,0.008333275443278295,0.047309591691672905,0.001352524131256836,0.027168394343170553,0.002285608039276868,0.001643359015622617,0.001656386274212694,0.001247320712608167
128,0.264204921475808208,0.093513184995619184,0.061526276961520798,0.041666626355635381,0.016783269166655481,0.007492393515562741,0.009100494099579238,0.343864513111746151,0.019343836587179811,0.050051715883721266,0.016578591937607304,0.075874175909364364
129,0.014883358475588426,0.010103210291833096,0.004807482351036747,0.060795525935074507,0.031389021894057498,0.061214300938953733,0.001066083354499077,0.003179498715024288,0.029133714714367435,0.553402366652020028,0.228559094905139898,0.001466341772405122
130,0.380986105502151562,0.329347863401419527,0.006396472114738207,0.067880988102725873,0.018500525993349649,0.087574780383619030,0.004574880721734556,0.030096052512326575,0.040393067029894175,0.017007297260060374,0.003799022542352932,0.013442944435627557
131,0.024216003975545065,0.003626822729753332,0.014323295518671201,0.128654332822847134,0.019981773457805364,0.002128217160200062,0.005423166037550824,0.619219104891729710,0.028805564898754327,0.035912557679803926,0.007998575529173981,0.109710585298165103
132,0.140050219879337551,0.105501099657949987,0.008064279151603055,0.136784048763210569,0.080600238595705309,0.463113174785239112,0.001407565018895848,0.011130272077975690,0.004821833759287640,0.040693514972741360,0.006096463094348627,0.001737290243705382
133,0.011332211248276396,0.017254433299487178,0.030337935551837350,0.022579378119508730,0.005117628264260879,0.002418825086331961,0.001553478484762221,0.881838123754155490,0.009444017930239164,0.002414178106632154,0.003188644714401044,0.012521145440107434
134,0.074996713818105923,0.657149981445591447,0.006517923020970024,0.036042243725093577,0.014221917746376022,0.011471770774508006,0.114956025716529700,0.013649387251107788,0.012571703123712972,0.030884204915249132,0.016208887560559222,0.011329240902196171
135,0.092552653137773694,0.277230137209744709,0.003863400069457308,0.028943504336595007,0.020577155797783315,0.556364321741150691,0.000358959539858794,0.009565185963166412,0.002200313118974243,0.005663946216700676,0.001342032743331614,0.001338390125463559
136,0.000637603182482877,0.000429874533723846,0.004493237684098668,0.003702973551771654,0.012008198972381716,0.000573505729496565,0.001131497867844495,0.010967236681941120,0.218314867049232919,0.580849820532921668,0.070040583166210452,0.096850601047894058
137,0.063205489026327333,0.023706821412940643,0.011829677250198329,0.052328707356681256,0.470185675458717978,0.050758738215734941,0.002321074799157765,0.014043334257263888,0.034805490493509117,0.203799138326414386,0.067353873532786587,0.005661979870267763
138,0.077475467901948397,0.020375339884639819,0.050478933384544067,0.086189548505196806,0.032162434816986350,0.004200304100624364,0.004076837052666741,0.573080275058755140,0.032194590292080938,0.071553614894026799,0.004197762405184181,0.044014891703346250
139,0.906795809492964233,0.035603354991842882,0.000842745597300892,0.009713122039867818,0.002965461821794452,0.034411314767547364,0.003985189444425735,0.002980039518287644,0.001739809558771102,0.000422776083664887,0.000129011667937752,0.000411365015595080
140,0.108581364245555617,0.153933599961958045,0.008185030927056906,0.209403062292377540,0.042110776663152542,0.128952501143168141,0.045609280904722327,0.007288566778248181,0.107342306476820332,0.123911029625956348,0.052498161198025348,0.012184319782958669
141,0.127857808463711059,0.089624370374134163,0.002326257174324412,0.347511499176100636,0.055412222310036063,0.245891074148849781,0.001415082734309133,0.013991548980793337,0.037778851562695101,0.067714061346620238,0.008364278314467446,0.002112945413958606
142,0.007721753361550765,0.005954231477946717,0.028923772196623138,0.076008721792124145,0.037990779287692344,0.003503716762514806,0.046879385556611766,0.136198822229430111,0.221432089253034065,0.372745114677793088,0.025023869561641807,0.037617743843037350
143,0.001455939070698375,0.000734052526704020,0.006417408083815977,0.021779196711730179,0.007506317612584227,0.000580868097751594,0.003458308383753655,0.018012827988201693,0.468181148680730519,0.320134032932876511,0.093320325120667166,0.058419574790486234
144,0.008015322594495788,0.006438369215960963,0.009279620292786062,0.045404786220138028,0.025769338812926503,0.002216685306445013,0.003718516117284291,0.113359127373640622,0.347307726427443231,0.324787167861737947,0.044490753864083875,0.069212585913057789
145,0.008395770117415985,0.001874916170163816,0.028666729189505344,0.237281688210711411,0.021037723480025784,0.002761137704522873,0.001480572311124707,0.048641200390202963,0.137164361037221377,0.155557578585941270,0.307949300602936238,0.049189022200228132
146,0.001327759024683910,0.005780735114482238,0.006410811674169255,0.045810240964684529,0.004053067870267606,0.006245857656429228,0.000860418362960536,0.001388817045127865,0.016818750269315483,0.127908237904847927,0.782848772632508516,0.000546531480522929
147,0.000138689627365743,0.000034945870967278,0.000632308435282591,0.001946252218341521,0.000309379705731897,0.000011511878955588,0.002523475625346763,0.003572339479631697,0.001260619292317968,0.001218885059639346,0.000589049694892957,0.987762543111526670
148,0.011523021209257880,0.020429558036464516,0.020813492742887896,0.110930096514035820,0.241809243203441465,0.031123126314461843,0.002440703470254751,0.025437338990182540,0.126045374169685198,0.338248892023702341,0.040519782526003710,0.030679370799622227
149,0.591145014275743508,0.067495286930163628,0.000471644931585987,0.004144456043781108,0.001995026547628037,0.330082080011677714,0.002443079797249488,0.000696220083573215,0.000504889817251349,0.000355254448955543,0.000170493180830226,0.000496553931560383
150,0.166821543260995103,0.059844334192502194,0.003194516843199915,0.513878223259496725,0.184166137949350606,0.043101414983690668,0.002776266888440313,0.010490211795626155,0.004594103354366304,0.005954442506418581,0.003074187703958580,0.002104617261955027
151,0.605993595013852637,0.065400058538528566,0.004660319642632071,0.194055636813684623,0.018487945190622822,0.069297344193206128,0.001506530872087178,0.018148516989448926,0.004403253821026964,0.004712107675248306,0.000938007805835616,0.012396683443826217
152,0.004270449363653884,0.001837535194501017,0.012119314662410136,0.027470806330267782,0.007600363820628753,0.000759373273581981,0.044920405174636413,0.161343131021799979,0.518192468834048237,0.062392922097355440,0.013016739249389510,0.146076490977726958
153,0.645364576483575592,0.113697704421591772,0.001251536839961305,0.080389035843656698,0.054841135961036611,0.085033202595488522,0.006644591605251437,0.003293170406021278,0.001857577168915885,0.004060496763208260,0.002122647474820858,0.001444324436471857
154,0.692459032217507042,0.132050996862951825,0.007251354141481078,0.056784760281653961,0.004677342862312380,0.068239183238658477,0.005014093383231851,0.025805499313947530,0.002619871625133949,0.002125705206131933,0.000628253044013650,0.002343907822976390
155,0.877712100953468410,0.005594830817895636,0.001728629861007338,0.051142586266710900,0.032204257616602852,0.020682869315231632,0.001621628910910496,0.008053913609054166,0.000618975683828195,0.000186380334766943,0.000132034739270525,0.000321791891252801
